1716 1721 0.985402 0.0561931 -0.160706 -0.0905439 0.972366 -0.215187 0.144174 0.226596 0.963259 0.972298 -0.124702 0.197704
1716 1731 0.975133 0.0392505 -0.218116 -0.119185 0.922628 -0.366813 0.186842 0.383688 0.904364 -0.422479 -0.335334 0.842059
1716 1741 0.973539 -0.0472916 0.223572 -0.12177 0.720523 0.682655 -0.193373 -0.691816 0.695699 -0.885337 0.227876 0.405279
1716 1747 0.998681 0.0464157 0.0219482 -0.0353327 0.931457 -0.36213 -0.0372524 0.360877 0.931869 0.830877 -0.24367 0.500269
1716 1793 0.966008 -0.135843 0.219942 0.0690082 0.955437 0.287015 -0.24913 -0.262081 0.932335 -0.175102 0.0941908 -0.980034
1716 1831 0.984965 0.0433618 -0.167222 -0.0838461 0.966322 -0.243293 0.151041 0.253656 0.955429 0.984482 -0.0807879 0.155786
1716 1836 0.997669 0.0313359 -0.0606221 -0.0453897 0.968055 -0.246595 0.0509582 0.248771 0.967221 0.74569 -0.266878 0.61051
1716 1851 0.964304 0.0744973 -0.254104 -0.124969 0.974055 -0.188678 0.233455 0.213698 0.948595 -0.914773 -0.136417 0.380238
1716 1885 0.984815 -0.129911 0.115164 0.0618101 0.882266 0.466676 -0.162232 -0.452471 0.876898 -0.0331911 -0.0800171 -0.996241
1716 1906 0.968489 0.0594652 -0.241854 -0.119768 0.962624 -0.242922 0.218369 0.264234 0.939413 -0.32634 -0.487714 0.809714
1716 1909 0.996898 0.0159922 -0.0770639 -0.0119726 0.998557 0.0523421 0.0777898 -0.0512571 0.995651 -0.864046 0.204089 -0.460187
1716 1921 0.903936 -0.025761 -0.426891 -0.164419 0.900534 -0.402499 0.394798 0.434022 0.809789 -0.98728 -0.037659 0.154466
1716 1925 0.832872 0.122694 0.539695 0.200361 0.84214 -0.500655 -0.515926 0.525115 0.676812 0.99786 0.00602104 -0.065102
1716 1941 0.998027 0.0154921 -0.0608441 -0.034291 0.946276 -0.321536 0.052594 0.322988 0.944941 0.695517 -0.291056 0.656919
1716 1943 0.975243 0.0676818 -0.210525 -0.116018 0.967067 -0.226542 0.18826 0.245358 0.950977 -0.555772 -0.312901 0.770202
1716 2034 0.992601 -0.0638619 0.103273 0.0549958 0.99473 0.0865325 -0.108255 -0.0802127 0.990882 -0.517527 0.303656 -0.799974
1716 2123 0.989117 0.0445812 -0.140214 -0.106657 0.873718 -0.474596 0.101349 0.484385 0.868964 -0.0876198 -0.398339 0.913044
1716 2127 0.977641 0.016735 -0.209613 -0.0606563 0.976899 -0.204909 0.201342 0.213041 0.956072 0.764386 -0.256042 0.59174
1716 2128 0.977641 0.016735 -0.209613 -0.0606563 0.976899 -0.204909 0.201342 0.213041 0.956072 0.764386 -0.256042 0.59174
1716 2210 0.958257 0.0143517 -0.285547 -0.143758 0.887491 -0.437829 0.247136 0.460602 0.852508 -0.771082 -0.219365 0.597755
1716 2244 0.998032 0.0155973 -0.0607287 -0.0432964 0.872002 -0.487584 0.0453506 0.489254 0.870962 0.724487 -0.279549 0.630056
1716 2254 0.970643 -0.110803 0.213482 0.0450585 0.955623 0.291126 -0.236266 -0.272961 0.932562 0.152231 -0.105901 0.982655
1716 2324 0.950881 0.0807523 0.298838 0.064018 0.893207 -0.445064 -0.302864 0.442335 0.844164 0.978127 -0.0979493 0.183501
1716 2325 0.924587 -0.0844915 0.371484 -0.00162533 0.974213 0.225623 -0.380968 -0.209212 0.900607 -0.393882 0.163719 -0.904463
1716 2372 0.988104 0.0790654 -0.131903 -0.10919 0.964685 -0.239709 0.108293 0.251259 0.961843 -0.91408 -0.130611 0.383925
1716 2414 0.883314 0.0108348 0.468656 0.0820461 0.980729 -0.177312 -0.461546 0.195074 0.865402 0.999255 -0.00563862 -0.0381899
1716 2462 0.984718 -0.00895314 -0.173922 -0.0930949 0.816953 -0.569142 0.147182 0.576636 0.803635 -0.0653305 -0.396485 0.915714
1716 2496 0.9833 0.0236544 -0.180448 -0.0854196 0.935503 -0.342838 0.1607 0.352526 0.921901 0.372969 0.556914 0.742119
1716 2512 0.99456 -0.00630765 0.103974 0.0469125 0.918328 -0.393032 -0.0930026 0.395771 0.913628 0.989105 -0.0739902 0.12727
1716 2518 0.998231 0.0120112 -0.058228 -0.0340355 0.918469 -0.394026 0.0487479 0.39531 0.917253 0.779417 -0.250232 0.574363
1716 2525 0.848791 0.0797528 -0.522678 -0.215489 0.95491 -0.204234 0.482822 0.285984 0.827705 -0.874437 -0.165261 0.456123
1716 2534 0.999563 0.0240136 -0.0172455 -0.0292189 0.891322 -0.452428 0.00450687 0.452734 0.891635 0.785452 -0.247732 0.567181
1343 1360 0.999552 0.028085 0.0103132 -0.0270406 0.995546 -0.0903135 -0.0128037 0.0899942 0.99586 0.252943 0.27163 0.928567
1343 1392 0.836563 0.131351 0.531892 -0.1563 0.987708 0.0019139 -0.525102 -0.0847357 0.84681 0.590405 -0.353746 -0.725455
1343 1393 0.999153 0.027194 0.0308763 -0.0255553 0.998306 -0.0522775 -0.0322456 0.0514442 0.998155 0.745787 -0.182532 -0.64069
1343 1421 0.995806 -0.0110497 -0.0908193 0.0283109 0.981173 0.191045 0.0869985 -0.192815 0.977371 0.743672 0.0143714 0.66839
1343 1431 0.982876 -0.0140371 -0.18373 0.0190837 0.999487 0.0257281 0.183275 -0.0287938 0.98264 -0.806967 -0.166162 -0.56674
1343 1434 0.999793 0.00482198 0.0197748 -0.00515304 0.999847 0.016725 -0.0196911 -0.0168234 0.999665 0.693738 0.12443 0.709398
1343 1438 0.969691 0.0606505 0.236686 -0.0559353 0.99808 -0.0265924 -0.237845 0.0125473 0.971222 0.924236 0.155687 0.34864
1343 1440 0.99582 0.0493572 0.0768488 -0.032908 0.978789 -0.202213 -0.0851994 0.198838 0.976322 0.859793 0.0706671 0.50573
1343 1456 0.999593 0.0259468 0.0118693 -0.0257984 0.999589 -0.0124919 -0.0121886 0.0121806 0.999852 0.988481 -0.0489795 -0.143199
1343 1457 0.998336 -0.0547822 -0.0180132 0.0574723 0.919473 0.38893 -0.00474376 -0.389318 0.921091 -0.277445 -0.465919 -0.840204
1343 1458 0.988593 0.0222973 0.148953 -0.0306126 0.998084 0.0537673 -0.147469 -0.0577138 0.987381 0.660606 -0.0580501 -0.748485
1343 1459 0.999994 -0.00326894 0.00119184 0.00325963 0.999965 0.00774081 -0.0012171 -0.00773688 0.999969 0.0932926 0.582861 0.807199
1343 1503 0.99996 -0.00146301 0.00880605 -0.000401138 0.978118 0.208053 -0.00891774 -0.208048 0.978078 0.0653374 0.978257 0.196834
1343 1504 0.999832 -0.00386615 0.017901 0.000112632 0.978743 0.205092 -0.0183134 -0.205056 0.978579 0.0717798 0.98226 0.173242
1343 1511 0.99724 -0.0144033 -0.0728394 0.0133602 0.999801 -0.0147895 0.0730379 0.0137755 0.997234 -0.960699 -0.00731407 0.277494
1343 1518 0.0093689 0.999515 0.0296873 -0.98821 0.00471772 0.153029 0.152814 -0.030771 0.987776 0.144429 0.934458 0.325467
1343 1519 0.00820257 0.997684 0.0675202 -0.959413 -0.0111823 0.281783 0.281885 -0.0670911 0.957099 0.146458 0.977913 0.14912
1343 1520 0.00678466 0.966036 0.258317 -0.970965 -0.055409 0.232718 0.239127 -0.252395 0.937611 0.789764 0.612985 0.0228491
1343 1521 0.0400242 0.929173 -0.367472 -0.993943 0.0746944 0.0806108 0.10235 0.36202 0.926534 -0.993538 -0.0442121 0.104531
1343 1522 0.0378182 0.941958 -0.333594 -0.994974 0.0664694 0.0748913 0.0927182 0.329085 0.939738 -0.998854 -0.0331385 0.0345288
1343 1532 0.999938 -0.00249082 -0.0108335 0.0046914 0.978088 0.208138 0.0100778 -0.208176 0.978039 0.0245311 0.990749 0.133471
1343 1537 0.99887 -0.0443412 0.0170863 0.0360375 0.941227 0.335847 -0.030974 -0.334852 0.941761 0.31966 -0.876402 -0.360189
1343 1544 0.999507 0.00111735 -0.0313915 -0.00457676 0.993882 -0.110348 0.0310762 0.110437 0.993397 -0.066399 0.272923 0.959742
1343 1588 0.846008 -0.0773826 -0.527524 0.109746 0.993499 0.030266 0.521753 -0.0834988 0.849 -0.981698 0.0864127 0.16971
1343 1599 0.976879 -0.00743062 0.213667 -0.0143602 0.994858 0.100252 -0.213313 -0.101002 0.971749 0.960327 0.0396952 0.276036
1343 1603 0.582705 0.497182 0.642857 -0.647326 0.762208 -0.00273175 -0.491349 -0.414546 0.765981 0.839668 0.225284 0.494171
1343 1604 0.520891 -0.209605 0.827489 0.000864919 0.969514 0.245036 -0.853623 -0.126921 0.505192 0.665174 -0.0108839 -0.746609
1343 1605 0.91689 0.137281 0.37479 -0.0920031 0.986396 -0.136228 -0.388393 0.0904242 0.917047 0.753373 -0.162258 -0.637261
1343 1608 0.994537 -0.0197725 -0.102496 0.0248663 0.998506 0.0486604 0.10138 -0.0509432 0.993543 -0.903624 -0.145677 -0.402792
1343 1612 0.99753 -0.0363386 0.0601159 0.0275947 0.989715 0.140367 -0.0645983 -0.138361 0.988273 0.904861 -0.127582 -0.406141
1343 1613 0.949858 -0.03532 0.310681 -0.0386253 0.972736 0.228678 -0.310288 -0.22921 0.922597 0.937569 -0.0203987 -0.347199
1343 1617 0.999311 0.0225958 0.0294451 -0.0231045 0.999588 0.0170476 -0.0290478 -0.0177162 0.999421 0.78506 0.128647 0.605913
1343 1629 0.999941 0.00531675 0.00951155 -0.0055965 0.999545 0.0296308 -0.00934969 -0.0296822 0.999516 0.0330676 0.234122 0.971645
1343 1698 0.906215 -0.0836883 -0.414452 0.0784204 0.996477 -0.0297447 0.41548 -0.00554637 0.909585 -0.99988 -0.00788278 -0.0133319
1343 1699 0.994664 -0.00156117 0.103155 0.00505292 0.999423 -0.033597 -0.103043 0.0339389 0.994098 0.965543 0.0112002 0.260004
1343 1714 0.999709 -0.0157121 -0.0182841 0.0179101 0.991737 0.12703 0.0161372 -0.127321 0.99173 -0.00338604 0.241797 0.970321
1343 1715 0.999844 0.0174285 0.0029613 -0.0174765 0.949233 0.314087 0.00266308 -0.314089 0.94939 0.0535263 0.998234 0.0257594
1343 1716 0.955668 -0.149691 0.253559 0.0344279 0.912033 0.408669 -0.292428 -0.381823 0.876754 0.83416 -0.00632885 -0.551486
1343 1721 0.999735 0.0214709 0.00829191 -0.0226613 0.981255 0.191376 -0.00402746 -0.191513 0.981482 0.0217257 -0.302786 -0.952811
1343 1731 0.999619 0.00561855 0.0270151 -0.0058823 0.999936 0.00969351 -0.0269589 -0.00984873 0.999588 0.977903 -0.205906 0.0361756
1343 1741 0.970356 -0.148343 -0.190796 0.049439 0.894606 -0.444112 0.236569 0.421514 0.875421 -0.261981 -0.210946 -0.941737
1343 1742 0.999883 -0.00896866 -0.0123706 0.0127076 0.937659 0.347326 0.00848432 -0.347443 0.937663 0.0572882 0.965618 0.253576
1343 1747 0.99994 0.00941457 0.00568404 -0.00970063 0.998569 0.0525914 -0.00518078 -0.0526434 0.9986 0.487159 0.139875 0.862039
1343 1793 0.986017 0.0379368 -0.16227 0.0052774 0.966146 0.257943 0.166562 -0.255191 0.952436 -0.486187 0.819638 0.303011
1343 1803 0.972755 0.0424188 0.227922 0.0344739 0.945723 -0.323141 -0.229258 0.322195 0.918494 0.57359 -0.530506 -0.624146
1343 1811 0.999914 0.00302023 -0.0127548 -0.00344709 0.99943 -0.0335789 0.0126462 0.03362 0.999355 -0.00498414 0.242037 0.970254
1343 1831 0.986297 0.0104478 -0.164647 0.0277541 0.973261 0.228017 0.162627 -0.229462 0.959635 -0.475439 0.873538 -0.104351
1343 1836 0.999937 -0.0018265 0.0111135 0.000168329 0.989076 0.147408 -0.0112614 -0.147397 0.989013 0.998924 -0.0439178 -0.0149018
1343 1849 0.996766 0.0797322 0.0100405 -0.0765624 0.904236 0.420115 0.0244177 -0.419525 0.907416 0.0595635 0.95633 0.286157
1343 1851 0.999981 0.000586168 -0.00610329 0.0011776 0.958527 0.285 0.00601722 -0.285002 0.958508 0.0574637 0.993229 0.100961
1343 1858 0.995263 0.0968432 0.00844035 -0.0697427 0.771831 -0.631992 -0.0677186 0.62841 0.774929 -0.244756 0.677016 0.694078
1343 1875 0.93613 0.124053 0.329045 -0.049263 0.972746 -0.22658 -0.348185 0.195899 0.916728 0.937583 -0.0451596 -0.344817
1343 1876 0.996986 -0.0366871 -0.0683659 0.023635 0.982872 -0.182767 0.0739002 0.1806 0.980776 0.24917 -0.00956074 -0.968413
1343 1885 0.999619 0.0162225 0.022341 -0.0152253 0.998911 -0.0441052 -0.0230321 0.0437482 0.998777 0.0886572 0.208921 0.973906
1343 1906 0.999708 -0.0020752 -0.0240787 0.00693563 0.979034 0.203579 0.0231514 -0.203686 0.978762 0.4218 0.244012 0.873237
1343 1909 0.97969 -0.0894878 0.179442 0.0205924 0.935061 0.353888 -0.199458 -0.343006 0.917913 0.98848 -0.002043 0.15134
1343 1913 0.635137 0.529683 0.562172 -0.572607 0.81136 -0.117543 -0.518384 -0.247248 0.818625 0.85656 0.16961 0.487377
1343 1914 0.976397 -0.0580653 0.208034 -0.0346853 0.90853 0.416377 -0.213182 -0.413765 0.885072 0.681043 0.725592 0.0984727
1343 1921 0.994719 -0.0364551 -0.0959443 0.0318523 0.998287 -0.0490762 0.097569 0.045761 0.994176 -0.954689 0.11165 0.275869
1343 1925 0.98684 0.049813 0.153836 -0.0446911 0.998331 -0.0365777 -0.155401 0.0292212 0.987419 0.686744 0.710819 0.152048
1343 1933 0.924083 0.142301 0.354714 -0.158511 0.987212 0.0169054 -0.347772 -0.0718482 0.934822 0.0116581 -0.507698 0.861456
1343 1941 0.999934 -0.0014872 0.0113677 0.000419384 0.995632 0.0933659 -0.0114569 -0.093355 0.995567 -0.59432 0.299517 0.746374
1343 1943 0.999943 0.00550903 -0.00916083 -0.00251443 0.954146 0.299332 0.0103898 -0.299292 0.954105 0.0556323 0.997483 0.0439614
1343 1960 0.973366 0.0691969 0.218563 -0.0648557 0.99753 -0.0269841 -0.21989 0.0120903 0.97545 0.97563 -0.05327 -0.212859
1343 1966 0.999632 -0.0212528 0.0168533 0.0146893 0.946516 0.322321 -0.0228022 -0.321955 0.94648 0.114751 0.974749 0.191564
1343 1982 0.982262 0.0199505 0.18645 -0.04784 0.988082 0.146306 -0.181309 -0.152631 0.97151 0.853152 0.0755737 0.516158
1343 2011 0.954164 -0.0520162 -0.294728 0.0547989 0.998497 0.00118475 0.294223 -0.0172813 0.95558 -0.90436 0.0550425 0.423206
1343 2034 0.999928 -0.010257 0.00624125 0.00690982 0.916711 0.399492 -0.00981899 -0.39942 0.916715 0.128826 0.982873 0.131773
1343 2049 0.977934 0.0741621 0.195306 -0.0468596 0.988918 -0.140879 -0.20359 0.128618 0.970572 0.980282 0.0913467 0.175221
1343 2117 0.938202 -0.00544569 -0.346045 0.0841953 0.973428 0.212952 0.33569 -0.228928 0.913731 -0.753377 0.568747 -0.330077
1343 2123 0.989369 0.0564312 0.134033 -0.0418716 0.993152 -0.109065 -0.139269 0.102294 0.984957 0.918782 -0.21623 -0.330277
1343 2124 0.946758 -0.0793642 -0.312011 0.0550687 0.994778 -0.0859365 0.317202 0.064179 0.946184 -0.975651 -0.0564989 -0.211927
1343 2127 0.941111 0.00552086 -0.338052 0.0577074 0.982572 0.1767 0.333136 -0.185802 0.92439 -0.999519 -0.00368365 0.0307793
1343 2128 0.941111 0.00552086 -0.338052 0.0577074 0.982572 0.1767 0.333136 -0.185802 0.92439 -0.999519 -0.00368365 0.0307793
1343 2204 0.999849 -0.000972442 -0.0173656 0.00620837 0.952616 0.304111 0.016247 -0.304173 0.952478 -0.10405 0.986221 0.128618
1343 2207 0.999239 0.0305889 -0.0241937 -0.027733 0.993471 0.110659 0.0274206 -0.109903 0.993564 -0.00371985 0.247763 0.968814
1343 2210 0.999423 0.0226515 0.0253174 -0.0204741 0.996324 -0.0831804 -0.0271085 0.0826141 0.996213 0.415371 0.00486979 0.909639
1343 2235 0.992269 -0.0117076 0.123554 0.00851302 0.999616 0.0263521 -0.123815 -0.0250965 0.991988 0.941518 0.0738053 0.32878
1343 2244 0.999639 0.00846409 -0.025509 -0.0109494 0.995035 -0.0989189 0.0245451 0.0991624 0.994768 0.238454 0.129772 0.962444
1343 2254 0.997595 0.00375845 -0.0692151 0.00134483 0.997292 0.0735368 0.069304 -0.073453 0.994888 -0.104334 -0.253147 -0.961785
1343 2324 0.982667 0.0456419 0.179671 -0.0333218 0.99692 -0.0710026 -0.182359 0.0637849 0.981161 0.779913 -0.416155 -0.467495
1343 2325 0.971154 -0.0263317 -0.236997 0.0671221 0.983883 0.165734 0.228813 -0.176861 0.957269 -0.969033 -0.170948 0.178192
1343 2326 0.964078 -0.0439535 -0.261956 0.0812791 0.987723 0.133402 0.252876 -0.149902 0.955815 -0.970667 -0.225728 0.0827786
1343 2339 0.999725 0.00240709 0.023336 -0.00651578 0.984075 0.177633 -0.0225368 -0.177736 0.98382 0.15326 0.978873 0.135349
1343 2372 0.953749 -0.00603882 0.300543 -0.0758021 0.962657 0.259894 -0.290889 -0.270656 0.917676 0.761323 0.637323 0.119188
1343 2414 0.944891 0.0184293 0.326867 -0.078173 0.982235 0.170598 -0.317916 -0.186749 0.929545 0.86286 -0.130191 -0.488388
1343 2443 0.935818 0.0864126 0.341728 -0.0830899 0.996244 -0.0243795 -0.342551 -0.00557943 0.939483 0.867245 0.131303 0.480256
1343 2444 0.974338 0.0383201 0.221801 -0.115461 0.930967 0.346365 -0.193217 -0.363087 0.911501 -0.973425 -0.0192443 0.228196
1343 2455 0.997877 -0.0379137 -0.0529636 0.0310002 0.991578 -0.125748 0.057285 0.123839 0.990648 -0.295025 0.562688 0.772232
1343 2462 0.999795 0.0191149 0.00666002 -0.0177982 0.986865 -0.160562 -0.00964165 0.16041 0.987003 0.314361 0.200192 0.927955
1343 2496 0.99916 0.0260829 -0.0315965 -0.0250686 0.999171 0.0320844 0.0324071 -0.0312654 0.998985 -0.260342 -0.151857 -0.9535
1343 2512 0.999606 -0.0252136 0.0123472 0.0253152 0.999646 -0.00813678 -0.0121378 0.00844614 0.999891 0.468376 -0.205183 -0.859374
1343 2518 0.998459 -0.00755427 -0.0549872 0.00766878 0.999969 0.00187171 0.0549714 -0.00229051 0.998485 -0.664511 0.11092 0.739
1343 2525 0.998919 -0.00462469 -0.0462631 0.0181866 0.954624 0.297257 0.0427891 -0.297777 0.953676 0.60016 0.728028 0.331337
1343 2534 0.999991 0.00389625 0.00136363 -0.00385422 0.999555 -0.029573 -0.00147825 0.0295674 0.999562 0.180955 0.206304 0.96161
318 319 0.99858 -0.0291726 -0.0445794 0.0350586 0.989875 0.137544 0.0401156 -0.138912 0.989492 0.0512284 0.0825655 -0.995268
318 320 0.992303 0.0692523 0.102656 -0.0468284 0.977298 -0.206632 -0.114636 0.200234 0.973019 0.12017 -0.675874 -0.727154
318 322 0.995908 -0.028211 -0.0858583 0.0389616 0.991235 0.126236 0.0815444 -0.129065 0.988278 -0.79405 0.00204166 0.607849
318 371 0.994531 0.0874888 -0.0570414 -0.0574476 0.914358 0.40081 0.0872227 -0.395341 0.914384 0.0331351 0.89015 -0.454461
318 376 0.993972 0.0292791 -0.105657 -0.0453818 0.987124 -0.153385 0.0998056 0.157254 0.982502 -0.990184 -0.0275307 0.13703
318 396 0.999642 -0.0082623 -0.0254625 0.0155426 0.953571 0.300768 0.0217952 -0.301056 0.953357 0.472069 -0.190812 -0.860664
318 430 0.972978 -0.168746 -0.1576 0.195905 0.964578 0.176665 0.122206 -0.202766 0.971572 0.0077684 -0.245702 -0.969314
318 441 0.990851 0.0645501 0.118521 -0.00909655 0.908146 -0.418557 -0.134652 0.413649 0.900424 0.114409 -0.56349 -0.818162
318 443 0.997844 0.0402711 0.051822 -0.0304919 0.983685 -0.177295 -0.0581164 0.175333 0.982792 -0.554918 -0.166277 0.815118
318 499 0.993475 -0.0858151 -0.0751277 0.101368 0.966269 0.236744 0.0522773 -0.242815 0.968663 0.264061 -0.887925 -0.376644
318 506 0.977379 0.0384408 -0.207976 -0.109703 0.932862 -0.343124 0.180823 0.358178 0.915975 -0.792722 -0.585325 -0.170252
318 508 0.998644 -0.0256686 0.0452811 0.0257086 0.999669 -0.000300934 -0.0452584 0.00146463 0.998974 0.949964 0.083879 0.300886
318 521 0.992307 0.0158926 0.122775 0.0167398 0.965393 -0.260262 -0.122662 0.260315 0.957701 0.179142 -0.95997 -0.215329
318 552 0.997382 0.0312492 -0.065218 -0.038746 0.99237 -0.117049 0.0610627 0.11927 0.990982 -0.58458 -0.517622 0.624767
318 559 0.993654 -0.0418842 -0.104389 0.0632281 0.975563 0.210426 0.0930247 -0.215691 0.972021 -0.143316 0.720264 0.678734
318 628 0.998269 -0.0517437 0.0279707 0.0508417 0.998192 0.0320506 -0.0295785 -0.030573 0.999095 -0.0186884 0.189889 -0.981628
318 632 0.934724 0.0644145 -0.349487 -0.0918097 0.993821 -0.0623776 0.34331 0.0903922 0.934862 -0.940135 0.100636 -0.325604
318 677 0.997683 0.0142063 0.0665361 -0.0130021 0.999744 -0.018497 -0.066782 0.0175891 0.997612 -0.751283 -0.12688 0.647669
318 683 0.894853 -0.0681532 -0.441128 0.201609 0.943436 0.263216 0.398237 -0.324475 0.857977 0.45257 -0.828278 -0.330358
318 717 0.992175 -0.00511887 -0.124746 0.0498579 0.932277 0.358292 0.114464 -0.361708 0.925238 -0.154908 0.952198 0.263293
318 731 0.998991 -0.00886854 -0.0440168 0.0213887 0.955925 0.292832 0.0394797 -0.293478 0.95515 0.187685 0.789634 0.584168
318 741 0.987524 0.00966786 -0.157169 -0.0537811 0.958802 -0.278939 0.147997 0.283912 0.94736 0.104746 -0.17223 0.979472
318 782 0.997634 -0.0548367 -0.0414657 0.0642092 0.958743 0.276929 0.0245691 -0.278936 0.959995 -0.204914 -0.430813 -0.878869
318 784 0.999886 0.0136999 0.00636984 -0.0150848 0.928773 0.370342 -0.000842489 -0.370396 0.928874 0.89867 -0.119681 -0.421983
318 805 0.997079 0.0669384 0.036786 -0.0546378 0.961622 -0.268884 -0.0533729 0.266089 0.96247 0.10008 -0.16743 0.980791
318 813 0.992433 0.0155928 0.121797 0.00239756 0.989255 -0.146184 -0.122767 0.145369 0.981731 0.120696 -0.15635 0.9803
318 816 0.938195 -0.0192733 0.34557 0.0301965 0.999199 -0.0262534 -0.344787 0.0350658 0.938026 0.806864 -0.0755579 0.585886
318 832 0.999654 -0.0158427 -0.021003 0.0172287 0.997568 0.0675417 0.0198818 -0.0678802 0.997495 0.341731 0.774528 0.532285
318 833 0.996668 -0.0310899 -0.0754083 0.0301469 0.999453 -0.0136125 0.0757903 0.0112938 0.99706 -0.254009 -0.638991 -0.726065
318 841 0.994268 -0.0576586 -0.0900379 0.0676243 0.991419 0.111872 0.0828148 -0.11732 0.989635 0.0878118 -0.731381 -0.676292
318 842 0.898216 0.0272305 -0.438709 -0.114784 0.977978 -0.174307 0.424302 0.206922 0.881562 -0.992085 -0.0829431 -0.094278
318 962 0.994625 -0.00117908 -0.10354 0.0390929 0.930209 0.364942 0.0958831 -0.367028 0.925255 -0.221263 0.844449 -0.4878
318 1051 0.998579 0.033607 0.0413485 -0.018882 0.948841 -0.315188 -0.0498257 0.31396 0.948128 -0.701041 -0.173583 0.691672
318 1083 0.991903 -0.00254055 -0.126975 0.0443917 0.94367 0.327897 0.11899 -0.330879 0.936141 -0.499272 0.800928 0.330519
318 1085 0.995824 -0.0163936 0.0898105 0.00756402 0.995179 0.0977855 -0.0909807 -0.0966978 0.991147 0.118422 -0.161849 0.979684
318 1089 0.338507 -0.171182 0.925262 0.140648 0.981471 0.130125 -0.930393 0.086088 0.356311 0.906022 0.117755 -0.406519
318 1090 0.99836 0.0266511 0.0506727 -0.0169239 0.982873 -0.183503 -0.0546954 0.182345 0.981712 -0.814101 -0.0463281 0.578872
318 1110 0.995333 0.0464058 0.0846128 -0.0145849 0.939056 -0.343456 -0.0953944 0.340619 0.93535 0.181701 -0.743995 -0.643006
318 1112 0.907063 0.0544287 -0.417462 -0.303893 0.7709 -0.559788 0.291353 0.634627 0.715795 -0.73118 -0.568751 -0.376693
318 1113 0.998208 0.03283 0.05002 -0.0121848 0.930039 -0.367258 -0.0585776 0.365991 0.928773 -0.0980332 -0.994182 -0.0446198
318 1125 0.997419 0.0698505 -0.01664 -0.071797 0.966659 -0.245796 -0.00108373 0.246356 0.969179 -0.213213 0.864352 0.455451
318 1252 0.842404 0.0322308 -0.537882 -0.0418739 0.999107 -0.00571272 0.537217 0.0273356 0.843001 -0.859635 0.0502259 -0.508433
318 1253 0.955095 -0.000475603 0.2963 0.0423267 0.989962 -0.134847 -0.293261 0.141333 0.945528 0.998462 -0.00589583 -0.0551285
318 1271 0.999866 0.0112092 -0.0119199 -0.00932087 0.988926 0.148113 0.0134482 -0.147982 0.988899 0.642937 -0.047079 0.764471
318 1276 0.991099 0.0192717 -0.131726 0.0150314 0.96694 0.25456 0.132277 -0.254275 0.958043 -0.272774 0.886696 0.373316
318 1288 0.996543 0.034527 -0.0755699 -0.0131087 0.96351 0.267351 0.0820432 -0.265436 0.960631 0.637396 -0.584246 -0.502378
318 1311 0.951067 -0.020828 0.308282 0.0361918 0.998367 -0.0442026 -0.306858 0.0531969 0.950268 0.995155 -0.0105101 -0.0977566
318 1335 0.997645 -0.00942512 -0.0679341 0.0270092 0.964463 0.262834 0.0630426 -0.26405 0.962446 -0.319289 0.0833922 0.943981
318 1343 0.993114 0.029025 0.113496 0.0132183 0.93487 -0.354743 -0.1164 0.353801 0.928049 0.0290585 -0.862431 -0.505339
318 1360 0.991151 0.120747 -0.0551383 -0.128772 0.975461 -0.178591 0.0322208 0.184112 0.982377 -0.406336 0.638236 0.65387
318 1431 0.994869 -0.0780775 -0.064338 0.0893658 0.976306 0.197081 0.047426 -0.201819 0.978274 0.107107 0.0228688 -0.993984
318 1456 0.992295 -0.0511974 -0.112821 0.0786984 0.963781 0.254821 0.0956881 -0.261736 0.960384 -0.276443 0.894484 0.351394
318 1457 0.993097 -0.025664 -0.114454 0.0853599 0.827371 0.555131 0.0804491 -0.561069 0.823851 -0.289756 0.916543 0.275665
318 1458 0.963747 0.0501224 0.262069 0.00887547 0.975632 -0.219236 -0.266671 0.213614 0.939817 0.305955 -0.563435 -0.76742
318 1459 0.997554 -0.0151892 -0.0682357 0.028449 0.979831 0.197794 0.0638551 -0.199252 0.977866 0.221125 -0.785275 -0.578313
318 1503 0.996399 0.0129817 -0.0837834 0.00108099 0.986183 0.165658 0.0847763 -0.165153 0.982618 -0.539628 0.0493375 0.840457
318 1504 0.943255 0.0411276 0.329512 0.0190202 0.98398 -0.177261 -0.331523 0.17347 0.927362 0.982983 0.102908 0.152168
318 1518 0.00995774 -0.975144 -0.221348 0.992203 0.0371373 -0.118971 0.124234 -0.218438 0.967911 0.033951 -0.040864 -0.998588
318 1519 -0.0198159 0.9979 -0.0616611 -0.994902 -0.0257804 -0.0974905 -0.0988755 0.0594149 0.993324 -0.972501 -0.00233695 0.232888
318 1521 0.0861517 0.995795 0.0311374 -0.996017 0.0868073 -0.0203557 -0.022973 -0.0292597 0.999308 0.480484 0.234302 0.845126
318 1522 0.155674 -0.986871 -0.0430285 0.986618 0.153201 0.055808 -0.0484833 -0.0511405 0.997514 0.0926504 -0.306753 -0.947269
318 1532 0.982738 0.0248026 0.183333 0.00882666 0.983558 -0.180378 -0.184792 0.178881 0.966361 0.983516 0.00945904 -0.180573
318 1544 0.991879 0.126216 -0.0156848 -0.127186 0.984755 -0.118668 0.000467832 0.119699 0.99281 -0.227656 0.816728 0.530215
318 1588 0.945424 -0.0146673 -0.325512 -0.0791884 0.958694 -0.273194 0.316074 0.284061 0.905211 -0.714772 -0.690707 0.109658
318 1608 0.996834 -0.0281197 -0.0743675 0.0399837 0.985781 0.163207 0.0687207 -0.165664 0.983785 0.174742 0.819692 0.5455
318 1613 0.952625 -0.0504152 0.29994 0.0475605 0.998727 0.0168156 -0.300406 -0.00175368 0.95381 0.991694 -0.00571514 0.12849
318 1617 0.988028 0.0116482 -0.153836 0.0428702 0.937144 0.346298 0.1482 -0.348747 0.925425 -0.414486 0.902052 0.12043
318 1698 0.965852 -0.0237501 -0.258005 -0.0712159 0.9331 -0.352494 0.249116 0.358831 0.899545 -0.690831 -0.702372 -0.171538
318 1714 0.993623 -0.0550721 -0.0983882 0.0604189 0.996806 0.0522155 0.0951984 -0.057827 0.993777 -0.0803638 0.604108 0.79284
318 1715 0.99529 0.0249368 0.0936797 -0.0100498 0.987683 -0.156141 -0.0964196 0.154464 0.983283 0.301229 0.194307 -0.933545
318 1731 0.993994 0.0219704 0.107205 0.0135906 0.947272 -0.320143 -0.108586 0.319677 0.941284 0.206875 -0.843596 -0.495528
318 1742 0.995332 0.00880324 0.0961123 -0.00926304 0.999948 0.0043389 -0.0960691 -0.00520894 0.995361 0.258807 -0.140279 0.955689
318 1747 0.93536 -0.0783276 0.344914 -0.0788527 0.904449 0.419231 -0.344795 -0.41933 0.839809 0.515973 0.782495 -0.348531
318 1793 0.991991 0.0691924 0.105663 -0.0541414 0.988783 -0.139203 -0.114109 0.132367 0.984611 0.258899 -0.161742 0.952266
318 1803 0.995251 0.0223114 -0.0947491 -0.0230534 0.999711 -0.00674317 0.0945713 0.00889543 0.995478 -0.985537 0.038907 -0.164932
318 1831 0.998546 0.01988 -0.0501111 -0.0257892 0.992417 -0.120182 0.0473419 0.121299 0.991487 -0.719767 0.121969 -0.683418
318 1849 0.997831 0.05285 0.0392482 -0.0501294 0.99647 -0.0673337 -0.0426682 0.0652202 0.996958 -0.600708 -0.17643 0.779758
318 1851 0.99522 0.0145599 0.0965665 -0.00769086 0.997437 -0.0711277 -0.0973547 0.0700451 0.992781 0.294841 0.191416 -0.936178
318 1876 0.993321 0.115371 -0.00175823 -0.105124 0.898598 -0.425993 -0.0475674 0.423332 0.904725 -0.179166 0.127826 -0.975479
318 1885 0.999318 -0.0163668 -0.0330916 0.0251674 0.957811 0.286295 0.0270098 -0.286933 0.95757 -0.280561 0.181927 0.942437
318 1909 0.995315 -0.0331095 0.090835 0.0222766 0.99279 0.117781 -0.0940797 -0.115206 0.988876 0.685055 -0.0771987 0.72439
318 1913 0.937329 0.182758 0.296673 -0.231181 0.96321 0.137047 -0.260712 -0.197043 0.945094 -0.716848 -0.103132 -0.68956
318 1921 0.999914 0.0122856 0.00465355 -0.00913261 0.904669 -0.426018 -0.00944377 0.425938 0.904703 -0.552772 -0.8302 -0.0721868
318 1941 0.989246 0.0269703 0.143747 0.00141299 0.981042 -0.19379 -0.146248 0.19191 0.970455 0.187537 -0.725585 -0.662085
318 1943 0.994497 -0.0034188 0.104711 0.0123381 0.996334 -0.0846512 -0.104038 0.0854773 0.990894 0.437797 0.0794872 -0.895553
318 1966 0.995287 -0.00590103 0.0967912 0.0112511 0.998433 -0.0548217 -0.096316 0.0556524 0.993794 0.386028 0.207682 -0.898805
318 2011 0.992435 0.0168792 -0.121606 -0.0587844 0.934912 -0.349976 0.107783 0.354477 0.928832 -0.672448 -0.740033 0.0128373
318 2034 0.966638 -0.042108 0.252661 0.0237807 0.996888 0.0751585 -0.25504 -0.0666426 0.964631 0.99974 -0.0162896 0.0159696
318 2117 0.983789 0.0136197 -0.178809 -0.0342064 0.993056 -0.112559 0.176035 0.116852 0.977424 -0.854944 0.0651434 -0.514613
318 2123 0.983537 0.072398 0.165571 -0.00510084 0.926995 -0.375039 -0.180636 0.36802 0.912103 0.459441 -0.483254 -0.745238
318 2124 0.992905 0.00100356 -0.118903 -0.03868 0.948305 -0.314994 0.11244 0.317359 0.941616 -0.668122 -0.677355 -0.307902
318 2127 0.990608 -0.0364248 0.131794 0.0482866 0.994953 -0.0879561 -0.127925 0.0934939 0.987367 0.951846 -0.0745512 0.297374
318 2128 0.990608 -0.0364248 0.131794 0.0482866 0.994953 -0.0879561 -0.127925 0.0934939 0.987367 0.951846 -0.0745512 0.297374
318 2204 0.994699 0.00897049 -0.102439 -0.00208638 0.997743 0.0671125 0.10281 -0.066543 0.992473 -0.270539 -0.0316576 0.962188
318 2210 0.997577 -0.0662236 0.0213188 0.0550148 0.938481 0.340922 -0.0425844 -0.338923 0.93985 0.672184 -0.0456405 -0.738976
318 2235 0.99401 0.0100894 -0.108825 0.0140214 0.975729 0.218534 0.108389 -0.21875 0.969742 -0.332174 0.121053 0.935418
318 2244 0.996144 -0.0553049 -0.0681044 0.0735281 0.949764 0.304208 0.0478589 -0.308043 0.950168 -0.289874 0.662823 0.69039
318 2253 0.99078 -0.0183625 -0.13423 0.0202051 0.999719 0.0123778 0.133965 -0.0149758 0.990873 -0.210658 0.655518 0.725203
318 2254 0.99688 -0.0269774 -0.0741837 0.0455617 0.964084 0.261662 0.0644604 -0.264225 0.962304 0.00732968 0.606097 0.795357
318 2324 0.957197 0.0856909 0.276463 0.0171272 0.936727 -0.349642 -0.288931 0.339411 0.895164 0.30495 -0.624404 -0.719114
318 2325 0.997483 0.0488229 0.0514198 -0.0476885 0.998596 -0.0230643 -0.0524737 0.0205541 0.998411 -0.443362 -0.147461 -0.88413
318 2326 0.985552 0.116326 -0.123103 -0.127413 0.988082 -0.0863655 0.11159 0.100803 0.988629 -0.497719 -0.226607 -0.837213
318 2339 0.995718 0.000849084 -0.092437 0.0168901 0.981454 0.190953 0.0908848 -0.191697 0.977237 -0.487863 0.144302 0.86091
318 2372 0.112523 0.114608 -0.987017 0.012043 0.993096 0.116687 0.993576 -0.0250166 0.110366 -0.712491 0.0136304 -0.701549
318 2455 0.995646 -0.062471 -0.0691878 0.0770601 0.969226 0.2338 0.0524529 -0.238114 0.96982 0.0416391 -0.939618 -0.339684
318 2462 0.999 -0.014711 -0.0422167 0.0298979 0.921914 0.38624 0.0332382 -0.387116 0.921432 -0.274653 0.279582 0.92
318 2512 0.994251 0.0258344 -0.103915 0.00908547 0.946606 0.322266 0.106692 -0.321357 0.940928 -0.206043 0.840067 0.50183
318 2518 0.99405 0.0649461 0.0874452 -0.0496634 0.984737 -0.166812 -0.0969443 0.161477 0.982103 0.0969387 -0.427961 -0.898584
318 2534 0.994544 0.0961479 0.0404721 -0.0888874 0.984119 -0.153651 -0.0546026 0.149215 0.987296 -0.130103 0.81814 0.560107
1875 1876 0.989046 -0.0510782 0.138484 0.044818 0.997844 0.0479546 -0.140635 -0.0412227 0.989203 0.953668 -0.0189731 -0.300261
1875 1885 0.939453 -0.0501967 -0.338981 0.108045 0.982146 0.154 0.325199 -0.181301 0.928104 -0.791737 0.258808 0.553328
1875 1906 0.99397 -0.047629 -0.0987694 0.0813831 0.924103 0.373377 0.0734896 -0.379163 0.922407 0.828789 0.00711904 0.559516
1875 1914 0.990661 0.0380549 -0.130927 0.0522266 0.781107 0.622209 0.125946 -0.623236 0.771825 -0.116249 0.97547 0.186935
1875 1921 0.899929 -0.105691 -0.423034 0.178333 0.974541 0.135891 0.397901 -0.197733 0.895866 -0.9955 0.0310782 0.0895166
1875 1925 0.974282 -0.0358921 -0.222454 0.0711625 0.985718 0.152628 0.2138 -0.164533 0.962922 -0.117876 0.97211 0.202747
1875 1941 0.944208 -0.0292965 -0.328045 0.123984 0.954383 0.271628 0.305123 -0.297146 0.904768 -0.999126 -0.0401662 -0.0116102
1875 1943 0.901197 0.0968672 -0.422445 0.146539 0.849199 0.507334 0.407883 -0.519112 0.751102 -0.712801 0.622093 -0.323907
1875 1960 0.991553 0.0107363 -0.129256 0.0132726 0.982937 0.183462 0.12902 -0.183628 0.974492 0.0572346 0.164367 0.984737
1875 1966 0.946653 0.0414036 -0.319582 0.125813 0.865522 0.484812 0.296679 -0.499156 0.81414 -0.667998 0.74383 -0.0222404
1875 1982 0.987654 0.0206284 -0.155285 0.0376048 0.931083 0.362864 0.152068 -0.364224 0.918812 -0.297896 0.387856 0.872253
1875 2011 0.723242 -0.0626344 -0.687748 0.20852 0.969203 0.131014 0.658362 -0.238164 0.714029 -0.958473 -0.0907577 -0.270356
1875 2034 0.94361 0.0905538 -0.318435 0.120384 0.802163 0.584843 0.308397 -0.590198 0.746028 -0.653182 0.753086 -0.078828
1875 2049 0.986044 -0.0226267 -0.164943 0.0373302 0.995544 0.086596 0.162248 -0.0915448 0.982494 -0.274745 0.34849 0.896142
1875 2117 0.717592 0.0570706 -0.694121 0.282277 0.887277 0.364775 0.636695 -0.457694 0.620593 -0.825307 0.254927 -0.503865
1875 2123 0.967977 -0.0397179 -0.247879 0.0613278 0.994901 0.0800739 0.243434 -0.0927115 0.965476 -0.273842 -0.550135 -0.788899
1875 2124 0.775907 -0.155726 -0.611324 0.245407 0.967233 0.0650882 0.581157 -0.200526 0.788699 -0.964067 -0.123889 -0.235001
1875 2127 0.7759 0.0797329 -0.625796 0.263787 0.860092 0.436644 0.573057 -0.503869 0.646314 -0.895296 0.438096 -0.0807293
1875 2128 0.7759 0.0797329 -0.625796 0.263787 0.860092 0.436644 0.573057 -0.503869 0.646314 -0.895296 0.438096 -0.0807293
1875 2204 0.961641 -0.0023334 -0.274301 0.11718 0.907628 0.403087 0.248023 -0.419768 0.873086 -0.742817 0.664817 -0.0789997
1875 2207 0.99324 -0.0526283 -0.103461 0.0793861 0.958254 0.274675 0.0846861 -0.281031 0.955955 0.916041 -0.0686243 0.39517
1875 2235 0.99829 -0.0439209 -0.0385785 0.0518986 0.969609 0.239093 0.026905 -0.240686 0.97023 0.987115 0.0765782 0.140496
1875 2244 0.934528 -0.0836784 -0.345913 0.123901 0.987658 0.0958143 0.333626 -0.1324 0.933362 -0.984048 0.0622598 0.166656
1875 2253 0.995498 0.0292375 0.0901657 0.015731 0.887088 -0.461333 -0.0934731 0.460674 0.882634 -0.96473 -0.210333 -0.15829
1875 2254 0.906198 -0.00638582 -0.422806 0.135561 0.951498 0.276177 0.400535 -0.307587 0.863112 -0.60085 -0.33471 -0.725912
1875 2324 0.988112 -0.0350995 -0.149673 0.0558262 0.98905 0.136614 0.143239 -0.143346 0.979252 -0.912284 -0.40081 0.0842
1875 2325 0.704208 0.0190558 -0.709738 0.236849 0.936073 0.260135 0.669324 -0.35129 0.654676 -0.943678 -0.201085 -0.262747
1875 2326 0.753678 -0.0413093 -0.655944 0.274755 0.926435 0.257349 0.597059 -0.374182 0.709583 -0.94462 -0.201711 -0.258853
1875 2339 0.941931 0.0158859 -0.335431 0.114086 0.924329 0.364143 0.315833 -0.381266 0.868841 -0.683191 0.728106 -0.05579
1875 2372 0.998213 0.0304126 -0.0514426 -0.00400391 0.892921 0.450196 0.0596258 -0.449185 0.891447 0.0960352 0.936082 0.338421
1875 2414 0.992168 -0.0829247 0.0934163 0.113335 0.912054 -0.394097 -0.0525204 0.401597 0.914309 0.324927 -0.0139953 -0.945636
1875 2443 0.998807 0.0403858 -0.0274637 -0.0344295 0.981074 0.190545 0.0346393 -0.189373 0.981294 -0.045492 0.424398 0.904332
1875 2444 0.989791 0.09782 -0.103657 -0.0304444 0.85561 0.516726 0.139236 -0.508295 0.849853 -0.826399 0.22399 0.516618
1875 2455 0.948144 0.121196 0.293827 -0.101595 0.991512 -0.0811363 -0.301166 0.0470775 0.952409 0.357095 -0.12324 -0.925902
1875 2462 0.933223 -0.0884253 -0.348246 0.108994 0.993242 0.0398788 0.342367 -0.0751725 0.936554 -0.93649 0.14604 0.318841
1875 2496 0.999411 -0.0342632 -0.00186848 0.0337266 0.97081 0.237468 -0.00632248 -0.237391 0.971394 0.911156 -0.173318 -0.37384
1875 2512 0.946852 -0.0798267 -0.311607 0.146397 0.969518 0.196477 0.286424 -0.231653 0.929676 -0.838698 -0.276179 -0.469372
1875 2518 0.915994 -0.049509 -0.398126 0.137074 0.971259 0.194593 0.377049 -0.23282 0.896454 -0.979978 0.0240336 0.197651
1875 2525 0.999086 -0.0310993 -0.0293377 0.0391466 0.941294 0.33531 0.0171875 -0.336152 0.941651 0.938463 0.0759805 0.336919
1875 2534 0.924799 -0.0550495 -0.376451 0.109366 0.986179 0.124459 0.364397 -0.15627 0.918039 -0.890137 0.0560794 0.45223
2443 2444 0.967587 0.078273 -0.240104 0.00772854 0.941132 0.33795 0.252423 -0.328852 0.910021 -0.927469 -0.10044 -0.360157
2443 2455 0.843315 -0.2147 -0.49267 0.152425 0.974642 -0.163828 0.515351 0.0630631 0.854655 -0.935414 -0.101971 -0.338531
2443 2457 0.868303 0.135628 0.477131 -0.206924 0.973241 0.0999194 -0.450812 -0.18549 0.873133 0.37201 -0.240988 -0.8964
2443 2462 0.959843 -0.122175 -0.252538 0.0846796 0.984376 -0.154383 0.267454 0.126798 0.955191 -0.754958 -0.16481 -0.634725
2443 2496 0.95678 -0.246789 -0.153842 0.249801 0.968298 0.000255811 0.148902 -0.0386746 0.988095 0.332548 -0.218488 -0.917428
2443 2512 0.937095 -0.119396 -0.32802 0.115922 0.992799 -0.0301984 0.329263 -0.00972609 0.944188 -0.33248 -0.236865 -0.912881
2443 2518 0.927795 -0.0994571 -0.359589 0.103992 0.994555 -0.00676259 0.358304 -0.0311204 0.933086 -0.722619 -0.186593 -0.665586
2443 2534 0.946332 -0.114669 -0.302169 0.101982 0.993124 -0.0574921 0.306684 0.0235909 0.951519 -0.747783 -0.16774 -0.642405
1742 1747 0.999778 0.0185785 0.00990353 -0.0149193 0.957106 -0.289355 -0.0148545 0.289143 0.957171 0.0843352 -0.955013 -0.284321
1742 1793 0.984896 0.0461773 -0.166882 -0.069444 0.988218 -0.136395 0.158617 0.145925 0.976497 -0.989071 -0.0421271 0.14129
1742 1803 0.824238 0.0583971 -0.563224 -0.0662392 0.997782 0.0065174 0.562355 0.0319356 0.826279 -0.999479 0.00802578 -0.0312595
1742 1811 0.99746 0.0521979 0.048458 -0.00161255 0.69674 -0.717321 -0.0712053 0.715422 0.695055 0.104227 -0.92072 -0.376048
1742 1831 0.935535 -0.0403734 0.350917 0.0890409 0.98832 -0.123673 -0.341825 0.146946 0.928204 0.942811 0.0766363 -0.324399
1742 1836 0.999716 0.00997115 0.0216229 -0.00631983 0.986641 -0.162786 -0.0229571 0.162604 0.986425 0.0785489 -0.831333 -0.550196
1742 1849 0.999151 0.0336568 -0.0237456 -0.0349458 0.997812 -0.0561365 0.0218042 0.0569187 0.998141 -0.214506 0.0149518 0.976608
1742 1851 0.99995 0.00736106 0.00682193 -0.0067857 0.996704 -0.0808347 -0.00739448 0.0807843 0.996704 -0.0426514 -0.0250678 -0.998775
1742 1875 0.942248 0.123252 0.311412 0.0656224 0.843857 -0.53254 -0.328424 0.52222 0.787035 0.56353 -0.574109 -0.593997
1742 1885 0.999488 0.0170615 0.0270739 -0.00346217 0.898707 -0.438536 -0.0318136 0.438218 0.898306 0.010105 -0.9292 0.369439
1742 1906 0.999878 -0.00469279 0.0149087 0.00415401 0.999344 0.0359666 -0.0150677 -0.0359003 0.999242 -0.0897019 0.995338 0.035435
1742 1909 0.998476 0.0223345 0.0504715 -0.0166972 0.993849 -0.109475 -0.0526061 0.108465 0.992707 -0.194888 0.260665 -0.945554
1742 1914 0.949961 -0.0667963 0.305143 0.0513974 0.996979 0.0582316 -0.308111 -0.0396342 0.950525 0.992532 -0.00436905 -0.12191
1742 1921 0.992239 -0.0382336 -0.118321 -0.0197546 0.890999 -0.453575 0.122765 0.452393 0.883329 -0.632472 -0.734446 -0.246106
1742 1925 0.988127 0.0346478 -0.149683 0.0340921 0.900507 0.433502 0.149811 -0.433458 0.888634 -0.990657 -0.0208464 -0.134774
1742 1941 0.99876 -0.000835803 0.0497814 0.012738 0.970872 -0.239262 -0.0481314 0.2396 0.969677 0.0179338 -0.793586 -0.608194
1742 1943 0.99928 0.00593927 -0.0374757 -0.00954804 0.995252 -0.0968656 0.0367225 0.0971535 0.994592 -0.594536 0.0626307 -0.801626
1742 1960 0.98763 0.0595373 0.145064 -0.00937243 0.945874 -0.324398 -0.156526 0.319025 0.934732 0.59208 -0.625081 -0.50864
1742 1982 0.978652 0.0141003 0.205041 0.0280401 0.979155 -0.201169 -0.203604 0.202623 0.957857 0.666648 -0.733344 -0.133367
1742 2049 0.981893 0.0768814 0.173132 0.0156668 0.877854 -0.478672 -0.188786 0.472718 0.860754 0.669043 -0.724013 -0.167887
1742 2117 0.940812 0.0172753 -0.338488 -0.0591094 0.991758 -0.113676 0.333734 0.126956 0.934079 -0.840158 0.0805612 -0.536325
1742 2123 0.993836 0.0463943 0.100687 -0.000485376 0.910034 -0.414534 -0.11086 0.41193 0.904447 0.496171 -0.634761 -0.592361
1742 2124 0.970951 -0.0456643 -0.234882 -0.0423246 0.933366 -0.356421 0.235507 0.356008 0.90432 -0.647938 -0.588579 -0.483479
1742 2127 0.984541 -0.00505052 -0.175078 -0.0102939 0.996188 -0.0866243 0.174849 0.0870874 0.980737 -0.754391 -0.134139 0.642574
1742 2128 0.984541 -0.00505052 -0.175078 -0.0102939 0.996188 -0.0866243 0.174849 0.0870874 0.980737 -0.754391 -0.134139 0.642574
1742 2204 0.999969 0.00757163 0.0019626 -0.00739729 0.996981 -0.0772963 -0.00254194 0.0772794 0.997006 -0.559017 -0.117508 -0.820787
1742 2207 0.999994 0.0022114 -0.00277278 -0.00321392 0.895628 -0.444793 0.00149976 0.444799 0.895629 0.0124155 -0.91987 -0.392027
1742 2235 0.998356 -0.0299892 0.0488405 0.0409839 0.969257 -0.242612 -0.0400632 0.244215 0.968893 0.538951 -0.818102 -0.200601
1742 2244 0.998609 0.00203828 -0.0526828 -0.0261657 0.886666 -0.46167 0.045771 0.462407 0.885486 -0.121292 -0.916809 -0.38046
1742 2253 0.998792 0.0198527 0.0449379 -0.0170591 0.997948 -0.0617183 -0.0460709 0.0608772 0.997081 0.0121385 -0.735458 -0.677462
1742 2254 0.998368 0.0147417 -0.055169 -0.0307481 0.952871 -0.301816 0.0481196 0.30302 0.951768 -0.111875 -0.413061 -0.903806
1742 2324 0.980134 0.0522516 0.191331 0.0250328 0.92437 -0.380677 -0.196752 0.377903 0.904698 0.225121 -0.716429 -0.660341
1742 2325 0.941368 -0.00636572 -0.337321 -0.0678976 0.975791 -0.207898 0.330478 0.218612 0.918147 -0.626206 -0.511394 -0.588509
1742 2326 0.947517 -0.0557838 -0.3148 -0.0353605 0.960333 -0.276606 0.317743 0.27322 0.907959 -0.6556 -0.559379 -0.507232
1742 2339 0.999893 -0.00630084 -0.0131704 0.00868516 0.98181 0.189669 0.0117358 -0.189763 0.98176 0.316562 -0.43041 -0.845302
1742 2372 0.926095 -0.0220089 0.376648 0.0652137 0.992609 -0.102344 -0.371612 0.119343 0.920685 0.997245 -0.0127664 -0.073066
