2158 2159 0.92233 -0.0929651 -0.375054 0.112202 0.99324 0.0297312 0.369755 -0.0695039 0.926526 -0.156594 -0.231348 -0.960186
2158 2164 0.980858 -0.0822331 -0.176509 0.0722557 0.995442 -0.0622381 0.180823 0.048293 0.982329 0.80825 -0.0913681 -0.581708
2158 2176 0.99973 0.00926173 -0.0213174 -0.0089391 0.999845 0.0151805 0.0214547 -0.0149859 0.999658 -0.126234 0.29404 0.94742
2158 2178 0.954424 -0.0175224 -0.297938 0.0775903 0.978517 0.191006 0.288191 -0.205418 0.93528 -0.480444 0.18891 0.856438
2158 2181 0.994864 -0.00685968 -0.100988 0.00989652 0.999513 0.0296011 0.100735 -0.0304485 0.994448 -0.526939 0.185813 0.829342
2158 2221 0.883379 -0.126656 -0.45122 0.09872 0.991475 -0.0850348 0.458143 0.0305735 0.888352 -0.66448 0.189261 0.722943
2158 2235 0.956092 -0.0584536 -0.287179 0.0762015 0.995787 0.0510078 0.282987 -0.0706516 0.956518 -0.77778 0.0371998 0.627434
2158 2236 0.923025 -0.086196 -0.374961 0.0862477 0.996134 -0.0166793 0.374949 -0.0169441 0.926891 -0.505248 0.243573 0.827887
2158 2247 0.913088 -0.13279 -0.385534 0.145284 0.989384 0.00331052 0.381002 -0.0590347 0.922688 -0.152256 -0.117335 -0.981351
2158 2250 0.940593 -0.058662 -0.334431 0.0762288 0.996302 0.039635 0.330869 -0.0627737 0.941586 -0.772147 -0.114636 -0.625018
589 596 0.99655 -0.00996134 -0.0823897 0.015981 0.997224 0.0727297 0.0814365 -0.0737955 0.993943 -0.18 -0.300224 -0.936731
589 601 0.905385 -0.0514259 -0.421465 0.126171 0.980385 0.151417 0.405411 -0.190267 0.894114 -0.975403 -0.0550262 -0.213452
589 608 0.99998 -0.00613967 0.00136909 0.0060056 0.996564 0.0826064 -0.00187157 -0.0825965 0.996581 0.08275 0.33153 0.939809
589 626 0.999797 0.00479942 -0.0195508 -0.0042952 0.999659 0.0257508 0.0196677 -0.0256616 0.999477 -0.0569091 0.290731 0.955111
589 636 0.998785 -0.0357476 -0.0339073 0.0394212 0.992617 0.11471 0.0295563 -0.115908 0.99282 0.00266385 -0.279117 -0.960254
589 659 0.998033 -0.00361426 -0.0625936 0.00872176 0.996634 0.0815179 0.0620883 -0.0819035 0.994704 0.203224 -0.278703 -0.938629
589 680 0.997963 -0.00027231 0.0638024 -0.00433927 0.997386 0.0721292 -0.0636553 -0.0722591 0.995353 0.939215 0.113838 0.323909
589 684 0.989713 -0.021747 -0.141404 0.0542474 0.971616 0.230259 0.132383 -0.235561 0.962801 -0.187458 -0.292634 -0.93767
589 685 0.996946 -0.00799327 -0.0776834 0.025773 0.97269 0.230672 0.073718 -0.231969 0.969926 -0.0605096 -0.295457 -0.953438
589 688 0.999885 0.015128 0.000440436 -0.0151327 0.998909 0.0441787 0.000228383 -0.0441803 0.999024 0.0297006 -0.286239 -0.957698
589 695 0.770435 0.0194195 -0.637223 0.174005 0.955179 0.23949 0.613313 -0.295392 0.732524 -0.960351 0.0328309 -0.276852
589 698 0.999541 0.00762003 -0.0293294 -0.00143804 0.978705 0.205269 0.0302689 -0.205133 0.978266 -0.0269312 -0.264773 -0.963935
589 704 0.989154 0.00866809 -0.146628 0.0253865 0.973146 0.228786 0.144674 -0.230027 0.962371 -0.338025 0.281157 0.898159
589 705 0.999941 0.00143978 0.010743 -0.00229969 0.996755 0.0804652 -0.0105923 -0.0804852 0.9967 0.0396982 -0.287074 -0.957085
589 706 0.999898 -0.00410687 -0.0137156 0.00648554 0.983977 0.178177 0.0127641 -0.178248 0.983903 0.0290707 0.318662 0.947423
589 710 0.99863 -0.00740854 0.0518032 0.00430649 0.998205 0.0597384 -0.0521528 -0.0594335 0.996869 0.12116 -0.292857 -0.948449
589 712 0.955433 0.0760204 0.285251 -0.0677225 0.996947 -0.0388569 -0.287335 0.0178073 0.957664 0.173395 -0.282381 -0.943501
589 723 0.861589 -0.0872314 -0.500055 0.151692 0.984354 0.0896491 0.484411 -0.153095 0.861341 -0.403568 -0.248855 -0.880457
589 725 0.979198 0.0520766 0.196112 -0.0867 0.981214 0.172341 -0.183453 -0.185759 0.965318 0.33605 0.281503 0.898792
589 731 0.946314 0.00020298 -0.323247 0.0643521 0.979865 0.189008 0.316777 -0.199662 0.927247 -0.993931 -0.0296712 -0.105929
589 735 0.991582 0.030852 0.125748 -0.0582189 0.973719 0.220184 -0.11565 -0.225651 0.967319 0.36673 0.3017 0.880049
589 736 0.999809 -0.0154112 -0.0120276 0.0173756 0.982495 0.185476 0.00895858 -0.18565 0.982575 0.837423 0.136027 0.529358
589 737 0.997465 0.04877 0.0518163 -0.0535825 0.993942 0.0959574 -0.0468226 -0.0984906 0.994036 0.270055 -0.278818 -0.921591
589 738 0.989334 0.00404373 -0.14561 0.013505 0.992763 0.119329 0.145038 -0.120023 0.982119 -0.43031 -0.286614 -0.855971
589 744 0.99046 -0.0085594 0.137537 -0.0112496 0.989716 0.142606 -0.137343 -0.142793 0.980177 0.308136 -0.237805 -0.921141
589 761 0.998311 0.0106427 0.057114 -0.0118747 0.999703 0.0212758 -0.0568706 -0.0219181 0.998141 0.0814176 -0.293818 -0.952388
589 781 0.972641 -0.0672287 -0.222374 0.0569668 0.997008 -0.0522514 0.225221 0.0381539 0.97356 -0.289623 0.271683 0.917773
589 804 0.983786 0.0347938 -0.175938 0.00189879 0.978925 0.20421 0.179336 -0.201234 0.962987 -0.840711 -0.121029 -0.527785
589 806 0.999267 -0.0136657 -0.0357578 0.0177336 0.993086 0.116043 0.0339248 -0.116592 0.992601 0.00502637 -0.284312 -0.958719
589 807 0.993701 0.0110819 0.111518 -0.0311088 0.983268 0.179491 -0.107663 -0.18183 0.977418 0.183676 -0.298284 -0.936637
589 808 0.995461 -0.0414079 0.0856874 0.0264815 0.985343 0.168516 -0.0914093 -0.165482 0.981968 0.20237 -0.302467 -0.931429
589 813 0.97262 -0.0676459 -0.222339 0.0636166 0.997655 -0.025243 0.223526 0.0104075 0.974643 -0.306694 0.141536 0.941226
589 846 0.999598 0.00403009 -0.0280749 0.00274519 0.971459 0.237192 0.0282296 -0.237174 0.971057 -0.196691 0.245536 0.949223
589 852 0.99925 0.000791371 0.0387207 -0.0077726 0.983547 0.180483 -0.0379408 -0.180648 0.982816 0.453172 0.475637 0.753926
589 855 0.999619 -0.00564424 -0.0270066 0.00940529 0.989932 0.141236 0.0259375 -0.141436 0.989608 0.0524172 0.284923 0.957116
589 856 0.983157 -0.00992041 -0.182494 0.0218604 0.99774 0.063532 0.181452 -0.0664514 0.981152 -0.12249 -0.24044 -0.962904
589 873 0.999773 -0.0210729 0.00309208 0.0204427 0.990173 0.138345 -0.00597704 -0.138251 0.990379 0.0813186 0.340569 0.936696
589 877 0.999631 -0.0198714 -0.0185298 0.0222387 0.990209 0.137811 0.0156099 -0.138173 0.990285 -0.0238376 -0.339311 -0.940372
589 886 0.922548 0.0236057 0.385159 -0.0750744 0.990035 0.119144 -0.378508 -0.138831 0.915127 0.42078 -0.259028 -0.869396
589 889 0.919714 0.0793386 0.384489 -0.127808 0.986524 0.102155 -0.371203 -0.143094 0.91746 0.897837 -0.126259 -0.421839
589 893 0.999842 0.0177445 0.0010982 -0.0177782 0.997549 0.067675 0.000105354 -0.0676838 0.997707 0.0375594 -0.294175 -0.955013
589 894 0.807626 -0.195057 -0.5565 0.0984027 0.975056 -0.198956 0.581426 0.105921 0.806675 -0.958802 -0.0427886 0.280836
589 910 0.999993 -0.00107252 0.00362862 0.000368403 0.982028 0.188736 -0.00376583 -0.188733 0.982022 0.0210633 -0.295695 -0.95505
589 924 0.999923 -0.0100189 -0.00733172 0.0103072 0.99913 0.0404011 0.00692057 -0.0404735 0.999157 0.0432451 -0.306828 -0.950782
589 931 0.977135 -0.0109679 -0.212335 0.0527032 0.979996 0.191911 0.205983 -0.198715 0.958167 -0.863647 -0.13804 -0.484829
589 941 0.997376 -0.0231992 0.0685816 0.0140581 0.991298 0.130882 -0.0710212 -0.129575 0.989023 0.633251 -0.13608 -0.761889
589 942 0.996092 -0.0425072 -0.0774174 0.0339681 0.993521 -0.108458 0.081526 0.105404 0.991082 -0.479868 0.294108 0.826576
589 949 0.690255 -0.275703 -0.668981 -0.255595 0.772049 -0.581904 0.676918 0.572651 0.462442 -0.847544 -0.435886 -0.302775
589 950 0.997813 0.0458341 -0.0476355 -0.03466 0.976348 0.21341 0.0562902 -0.211292 0.975801 0.0934737 -0.276362 -0.956497
589 956 0.999167 -0.0400382 -0.00793548 0.0394684 0.997281 -0.0622353 0.0104057 0.0618702 0.99803 0.00852772 -0.287637 -0.957702
589 966 0.997186 0.0160968 -0.0732185 0.000896425 0.974046 0.226349 0.0749617 -0.225777 0.971291 -0.0653981 -0.270473 -0.960504
589 967 0.951797 0.00670269 -0.306657 0.0567411 0.978659 0.197503 0.301436 -0.205383 0.931104 -0.687169 -0.176093 -0.704833
589 968 0.952063 -0.0165797 -0.30545 0.0866497 0.97225 0.217307 0.293371 -0.233358 0.92708 -0.720159 -0.182208 -0.669456
589 969 0.998326 0.00852241 0.0572119 -0.00737195 0.999767 -0.0202897 -0.0573715 0.019834 0.998156 0.0271229 -0.281513 -0.959174
589 1029 0.824693 -0.119464 -0.55282 0.157373 0.987307 0.021413 0.543245 -0.104658 0.833026 -0.359187 -0.261256 -0.895952
589 1048 0.911476 0.0988735 0.399293 -0.118171 0.992705 0.023937 -0.394013 -0.0690029 0.916511 0.935549 -0.0793714 -0.344164
589 1056 0.989713 0.0281009 0.140281 -0.0496504 0.987045 0.15257 -0.134177 -0.157967 0.978286 0.974093 0.224231 0.0293695
589 1058 0.989713 0.0281009 0.140281 -0.0496504 0.987045 0.15257 -0.134177 -0.157967 0.978286 0.974093 0.224231 0.0293695
589 1083 0.990889 -0.0262008 -0.132106 0.0410547 0.992972 0.111001 0.128269 -0.115414 0.985001 -0.287844 -0.293758 -0.911511
589 1094 0.999043 -0.0142178 0.0413608 0.0086591 0.991266 0.131592 -0.0428705 -0.131108 0.990441 0.984801 -0.0319098 -0.170729
589 1151 0.762569 -0.036055 -0.645901 0.19211 0.966025 0.172886 0.617724 -0.255922 0.743587 -0.958252 0.0217348 -0.285098
589 1155 0.999758 0.00618525 0.0211227 -0.00852857 0.99359 0.112717 -0.0202901 -0.11287 0.993403 0.0741922 -0.27315 -0.959106
589 1158 0.999761 -0.0106177 0.0191216 0.00719392 0.985253 0.170952 -0.0206547 -0.170774 0.985094 0.0310591 -0.28063 -0.959313
589 1159 0.891526 0.0118059 0.452816 -0.143954 0.95522 0.258518 -0.429487 -0.29566 0.853303 0.0125377 -0.284366 -0.958634
589 1160 0.998087 -0.0124682 -0.060559 0.0254422 0.975511 0.218476 0.056352 -0.219599 0.973961 0.0197206 -0.277065 -0.960649
589 1164 0.999333 -0.0248393 0.0267526 0.025853 0.998934 -0.0382372 -0.0257743 0.0389034 0.998911 0.0627951 -0.297097 -0.95278
589 1171 0.999898 0.00662334 -0.012682 -0.0037706 0.977048 0.212987 0.0138016 -0.212917 0.976973 0.0190521 -0.276587 -0.9608
589 1172 0.999449 -0.00688945 -0.0324838 0.0106537 0.993054 0.117172 0.031451 -0.117454 0.99258 -0.00670264 -0.298673 -0.954332
589 1173 0.846225 -0.110016 -0.521343 0.137178 0.990452 0.013654 0.514864 -0.0830714 0.853238 -0.429733 -0.240746 -0.870271
589 1174 0.988107 -0.00937715 0.153479 -0.0265526 0.972739 0.230379 -0.151455 -0.231715 0.960921 0.173916 -0.29982 -0.938009
589 1223 0.997003 -0.00706998 0.0770438 -0.00199574 0.993134 0.116962 -0.0773418 -0.116765 0.990143 0.128199 -0.289898 -0.948433
589 1344 0.983732 -0.0518504 -0.171996 0.0789308 0.984826 0.154557 0.161371 -0.165619 0.972897 -0.491068 -0.265091 -0.829806
589 1419 0.661958 -0.174787 -0.728876 0.218002 0.975288 -0.0358892 0.717138 -0.13514 0.683704 -0.94155 -0.124178 -0.31315
589 1421 0.943496 0.0172901 0.330931 -0.0628852 0.989834 0.127572 -0.325361 -0.141174 0.934992 0.820893 -0.156821 -0.549128
589 1425 0.986507 0.065913 0.149862 -0.0564284 0.996177 -0.0666874 -0.153685 0.0573312 0.986455 0.422667 0.279638 0.862064
589 1426 0.906958 0.110933 0.406349 -0.116032 0.993171 -0.0121548 -0.404923 -0.0361258 0.913637 0.437208 0.285487 0.852846
589 1428 0.996767 0.0756408 -0.0271067 -0.0768692 0.995906 -0.0475731 0.0233973 0.0495029 0.9985 0.10204 0.137653 0.98521
589 1430 0.964486 0.0431441 0.260587 -0.0315379 0.998322 -0.0485589 -0.262244 0.038616 0.964229 0.454846 0.176272 0.872951
589 1441 0.986928 -0.00208621 0.161147 -0.0119349 0.996224 0.0859907 -0.160718 -0.0867899 0.983177 0.164485 -0.270649 -0.948522
589 1479 0.999603 0.0281784 -0.000139344 -0.0281476 0.998259 -0.0518298 -0.00132137 0.0518132 0.998656 0.0131147 -0.292805 -0.956082
589 1518 0.999964 -0.00452515 0.00717158 0.00227805 0.957979 0.28683 -0.00816818 -0.286804 0.957955 0.0678013 -0.245632 -0.966989
589 1534 0.996571 0.0246502 -0.078983 -0.00499113 0.970761 0.239994 0.0825895 -0.238777 0.967556 -0.293709 0.288819 0.911218
589 1535 0.960565 0.0456669 0.274279 -0.0976327 0.979007 0.178922 -0.26035 -0.198645 0.944859 0.0102639 -0.317385 -0.948241
589 1558 0.966673 0.0702011 0.246201 -0.0931281 0.99221 0.0827379 -0.238475 -0.102908 0.965681 0.183341 -0.310064 -0.93287
589 1565 0.994248 -0.0365244 -0.100679 0.0102219 0.968122 -0.250269 0.106611 0.247801 0.962927 0.117462 -0.289923 -0.949814
589 1577 0.998453 0.0134631 0.053953 -0.0219457 0.986895 0.159863 -0.0510937 -0.160799 0.985664 0.161712 -0.291928 -0.94267
589 1578 0.923103 7.18835e-05 -0.384551 0.0755461 0.98048 0.181529 0.377058 -0.196621 0.905078 -0.163784 -0.298528 -0.940242
589 1617 0.999653 0.00355088 -0.0261195 -1.34853e-05 0.990954 0.134202 0.0263598 -0.134155 0.99061 0.012152 -0.296298 -0.955018
589 1618 0.990558 -0.00692615 -0.136921 0.0124517 0.999141 0.0395411 0.136529 -0.0408726 0.989793 -0.114234 -0.290316 -0.950088
589 1627 0.999871 -0.0157219 0.00319414 0.0160022 0.963152 -0.268483 0.00114463 0.268499 0.963279 0.0171369 -0.289125 -0.957138
589 1630 0.999074 0.000118646 0.0430213 -0.00784821 0.983719 0.179544 -0.0422995 -0.179716 0.982809 0.0211911 -0.219422 -0.9754
589 1631 0.999809 -0.0141041 -0.0135318 0.0152871 0.995667 0.0917213 0.0121795 -0.0919107 0.995693 0.0391729 -0.227169 -0.973067
589 1637 0.905441 -0.107453 -0.410647 0.133411 0.990443 0.0349922 0.402963 -0.086468 0.911123 -0.457899 -0.260919 -0.849853
589 1665 0.916235 0.125286 0.380548 -0.138204 0.990381 0.00669109 -0.376049 -0.0587237 0.924737 0.124448 -0.291094 -0.948566
589 1666 0.999845 0.0174613 -0.00230706 -0.0171554 0.995139 0.0969717 0.00398911 -0.0969171 0.995284 0.0166408 -0.270657 -0.962532
589 1671 0.98003 -0.0110498 0.198544 -0.05278 0.948188 0.313296 -0.191719 -0.317518 0.928669 -0.118246 -0.306763 -0.944412
589 1691 0.970203 0.0576632 0.235331 -0.0856801 0.990163 0.110615 -0.226637 -0.127482 0.9656 0.148367 -0.285246 -0.946901
589 1740 0.998966 0.00766845 0.044812 -0.0145031 0.987925 0.15425 -0.0430881 -0.15474 0.987015 0.246442 0.312098 0.91753
589 1741 0.975239 0.0110237 0.220879 -0.0494575 0.984333 0.169241 -0.215553 -0.175974 0.960505 0.0780637 -0.268982 -0.959976
589 1746 0.991409 0.0331155 0.12654 -0.0498139 0.990108 0.131169 -0.120945 -0.136346 0.983251 0.400718 -0.276559 -0.873464
589 1748 0.999719 0.00360757 -0.0234486 -0.000429209 0.99096 0.13416 0.0237206 -0.134112 0.990682 0.0507854 0.301012 0.952267
589 1784 0.999816 0.0165435 -0.00973101 -0.0139241 0.974147 0.225487 0.0132097 -0.22531 0.974198 0.0171921 -0.27377 -0.961641
589 1788 0.999959 -0.00530882 -0.00739927 0.00628711 0.990248 0.139175 0.00658824 -0.139216 0.99024 0.00719332 -0.316829 -0.948455
589 1795 0.999979 -0.00552764 0.00341249 0.00497433 0.989415 0.145029 -0.00417804 -0.145009 0.989421 0.0139431 -0.282335 -0.959215
589 1802 0.996759 0.00878412 -0.0799688 -0.0203151 0.98929 -0.144546 0.0778426 0.145702 0.986261 -0.158523 -0.332342 -0.929741
589 1880 0.999883 0.00449986 -0.0146266 -0.00291995 0.99433 0.106295 0.015022 -0.10624 0.994227 0.00711201 -0.276112 -0.961099
589 1886 0.772057 -0.0636892 -0.632353 0.177798 0.976883 0.118689 0.610176 -0.204066 0.765534 -0.822445 -0.155453 -0.547192
589 1887 0.979476 -0.0172678 -0.200822 0.0519172 0.98432 0.168581 0.194762 -0.175547 0.965014 -0.849759 -0.116582 -0.514119
589 1888 0.903992 -0.0994177 -0.415829 0.0987763 0.994841 -0.0231146 0.415982 -0.0201787 0.909149 -0.0824238 -0.281449 -0.95603
589 1916 0.99689 0.00236171 -0.078771 0.00155816 0.998765 0.0496644 0.078791 -0.0496327 0.995655 -0.0297516 -0.288562 -0.956999
589 1919 0.999974 -0.000419293 -0.00716514 0.0016 0.986194 0.165587 0.00699679 -0.165594 0.986169 0.0277604 -0.275616 -0.960867
589 1921 0.898673 -0.0496274 -0.435805 0.159409 0.962592 0.219102 0.408628 -0.266372 0.872966 -0.782549 0.118598 0.611188
589 1924 0.999064 0.0339613 -0.0268058 -0.0293021 0.986954 0.158311 0.0318326 -0.157377 0.987025 -0.0261975 -0.276396 -0.960687
589 1926 0.998398 -0.027593 -0.0493925 0.0273111 0.999607 -0.00637261 0.0495489 0.00501344 0.998759 -0.0661503 0.307464 0.949258
589 1928 0.998351 0.00637923 0.0570555 -0.0160913 0.985066 0.171426 -0.0551098 -0.172061 0.983543 -0.0892986 -0.280826 -0.955595
589 1954 0.998437 -0.0294618 -0.0474869 0.0299871 0.999496 0.0103879 0.0471569 -0.0117957 0.998818 -0.00441397 -0.289093 -0.957291
589 1996 0.959227 -0.0418092 -0.279528 0.0796124 0.988922 0.125285 0.271193 -0.14243 0.951929 -0.483863 -0.26825 -0.833018
589 2009 0.999075 0.007023 -0.0424201 -0.00412603 0.997677 0.0679977 0.0427991 -0.0677598 0.996783 -0.0288555 -0.275081 -0.960988
589 2011 0.999937 0.00750589 0.00833039 -0.00773925 0.999568 0.0283428 -0.00811405 -0.0284055 0.999564 0.0469464 -0.303894 -0.951549
589 2016 0.982573 -0.0376661 -0.182023 0.0866365 0.959184 0.269185 0.164454 -0.280264 0.945731 -0.642661 -0.158097 -0.749662
589 2018 0.970657 -0.0175906 -0.239823 0.0637773 0.980436 0.186218 0.231856 -0.196049 0.952789 -0.881268 -0.124051 -0.456046
589 2026 0.998716 0.0113448 0.0493706 -0.00401549 0.989263 -0.146091 -0.0504979 0.145705 0.988038 0.0915104 -0.394085 -0.914507
589 2033 0.998055 0.00275814 0.0622818 -0.0192055 0.964037 0.265073 -0.0593108 -0.265754 0.962215 -0.149443 -0.272243 -0.950553
589 2037 0.999716 -0.0206747 -0.0118378 0.0219796 0.992101 0.1235 0.00919094 -0.123725 0.992274 0.0211509 -0.278262 -0.960272
589 2040 0.781817 -0.0979202 -0.615771 0.180821 0.980757 0.0736205 0.596712 -0.168902 0.784478 -0.405036 -0.255485 -0.87788
589 2048 0.995451 -0.0135326 0.0943127 0.00253268 0.993271 0.115789 -0.095245 -0.115023 0.988786 0.239086 -0.288914 -0.92702
589 2055 0.826694 -0.169615 -0.536476 0.131488 0.985318 -0.108903 0.547071 0.0194888 0.836859 -0.0576444 -0.285888 -0.956528
589 2059 0.9431 -0.0858547 -0.321233 0.0717102 0.995873 -0.0556305 0.324684 0.0294294 0.945365 -0.307532 0.22945 0.923459
589 2060 0.956234 -0.0635743 -0.285615 0.0801641 0.995684 0.0467614 0.281409 -0.0676109 0.957203 -0.0175256 -0.280852 -0.959591
589 2063 0.999911 -0.0037928 -0.0127804 0.00557145 0.98983 0.142151 0.0121112 -0.142209 0.989763 0.0113365 0.30748 0.951487
589 2064 0.996429 0.0216283 0.0816151 -0.0220425 0.999748 0.00417706 -0.0815043 -0.00596114 0.996655 0.03233 -0.291926 -0.955894
589 2080 0.968099 -0.0329389 -0.248393 0.056435 0.994514 0.0880728 0.244129 -0.0992812 0.964647 -0.723077 -0.166562 -0.670385
589 2083 0.927987 0.0272645 0.371615 -0.0899529 0.984214 0.152418 -0.361593 -0.17487 0.91579 0.153239 -0.286378 -0.945783
589 2090 0.998557 -0.0178721 -0.050637 0.0260729 0.98574 0.166244 0.0469438 -0.167325 0.984784 -0.0324397 -0.291447 -0.956037
589 2091 0.995782 0.00335304 -0.091693 0.00918358 0.990672 0.13596 0.0912936 -0.136229 0.986462 -0.180384 -0.272072 -0.945219
589 2155 0.99645 0.00358241 0.084111 -0.012925 0.99376 0.110794 -0.0831891 -0.111488 0.990278 0.160445 -0.281615 -0.946018
589 2158 0.925271 0.0912624 0.368165 -0.097489 0.995235 -0.00169433 -0.366565 -0.0343242 0.929759 0.149166 -0.304279 -0.940831
589 2159 0.999916 -0.0113447 -0.00621824 0.0117794 0.997112 0.0750298 0.00534909 -0.0750968 0.997162 0.0209629 -0.293228 -0.955813
589 2164 0.998863 0.0164103 0.0447633 -0.0152451 0.999539 -0.0262471 -0.0451734 0.0255348 0.998653 0.0869919 -0.306698 -0.947823
589 2169 0.999947 0.0100691 0.00227592 -0.0102736 0.992226 0.124025 -0.00100941 -0.124042 0.992276 -0.00978584 0.301105 0.953541
589 2176 0.937634 0.0920104 0.335226 -0.111786 0.992921 0.0401404 -0.329159 -0.0751107 0.941283 0.733923 -0.15167 -0.662083
589 2177 0.99949 0.00510628 -0.0315135 -0.00661071 0.998834 -0.0478209 0.0312325 0.0480049 0.998359 0.122583 -0.420347 -0.899045
589 2178 0.99714 -0.000870907 0.075566 -0.0164478 0.973462 0.228258 -0.0737595 -0.228848 0.970664 0.145894 -0.305784 -0.940857
589 2188 0.986556 -0.0307305 -0.16051 0.0540249 0.988269 0.142849 0.154237 -0.1496 0.976643 -0.512562 -0.241496 -0.82399
589 2221 0.989193 -0.0215897 -0.145022 0.0204296 0.999746 -0.00948457 0.14519 0.00641933 0.989383 -0.626182 -0.210862 -0.750622
589 2223 0.988974 -0.0403118 -0.142497 0.046368 0.998146 0.0394363 0.140643 -0.0456089 0.989009 -0.201046 -0.2833 -0.937721
589 2235 0.999818 0.00205112 -0.0189727 -0.000880117 0.998105 0.0615238 0.0190629 -0.0614959 0.997925 -0.0175208 -0.315974 -0.948606
589 2247 0.998614 -0.0242948 -0.0466888 0.0246922 0.999663 0.00795413 0.0464799 -0.00909596 0.998878 0.0239271 -0.287755 -0.957405
589 2250 0.999902 0.00882736 -0.0108978 -0.008131 0.99802 0.0623697 0.0114267 -0.062275 0.997994 0.00741148 -0.290985 -0.956699
2059 2060 0.838035 -0.148059 -0.525144 0.149976 0.987912 -0.0391974 0.5246 -0.0459104 0.85011 0.996179 0.0443651 0.0752256
2059 2063 0.943976 0.0621263 0.324113 -0.0314058 0.994575 -0.0991721 -0.328516 0.0834371 0.940806 -0.0405042 -0.148749 -0.988045
2059 2083 0.999099 -0.00919114 0.041423 0.00335372 0.990309 0.138844 -0.0422977 -0.13858 0.989448 0.191405 0.240223 0.95166
2059 2090 0.924536 -0.05559 -0.377018 0.109336 0.986406 0.122676 0.365073 -0.15464 0.918046 -0.317416 0.212492 0.924172
2059 2091 0.897361 -0.058765 -0.437367 0.0959698 0.993361 0.0634356 0.430735 -0.0988985 0.897043 -0.466997 0.2051 0.860144
2059 2155 0.963849 -0.0588373 -0.259874 0.0774919 0.995056 0.0621226 0.254934 -0.0800148 0.963643 0.00153137 0.225515 0.974238
2059 2158 0.999088 0.00779347 0.0419707 -0.00820521 0.99992 0.00964677 -0.0418921 -0.00998235 0.999072 0.0752845 0.242388 0.967254
2059 2159 0.932289 -0.0904035 -0.350236 0.107637 0.993737 0.0300131 0.345329 -0.0656792 0.936181 -0.104371 0.225438 0.968651
2059 2164 0.941707 -0.0809226 -0.326556 0.0548407 0.994582 -0.0883161 0.331933 0.0652594 0.941042 -0.130407 0.187223 0.973623
2059 2169 0.946451 0.0675447 0.315702 -0.0373671 0.994216 -0.10069 -0.320677 0.0835009 0.943501 -0.0167396 -0.164673 -0.986206
2059 2176 0.999436 0.0108907 0.0317725 -0.0123466 0.998866 0.0459917 -0.0312356 -0.046358 0.998436 -0.0051935 0.307565 0.951513
2059 2178 0.965091 -0.0162761 -0.261409 0.0698996 0.977873 0.197176 0.252415 -0.208565 0.944874 -0.0997338 0.225903 0.969031
2059 2181 0.997739 -0.00225383 -0.0671771 0.00389089 0.999698 0.0242483 0.0671021 -0.0244549 0.997446 -0.129786 0.220814 0.966642
2059 2221 0.885555 -0.118787 -0.44909 0.091627 0.992426 -0.0818245 0.455408 0.0313113 0.889732 -0.446272 0.22466 0.866239
2059 2236 0.937207 -0.077248 -0.340112 0.0729938 0.997011 -0.025306 0.34105 -0.00110919 0.940044 -0.315416 0.234661 0.919482
2059 2247 0.913386 -0.116894 -0.389951 0.110123 0.993122 -0.0397635 0.391918 -0.00662323 0.919976 -0.125642 0.200456 0.971613
2059 2250 0.937871 -0.0669841 -0.340457 0.0804084 0.996437 0.0254576 0.337539 -0.0512515 0.939916 -0.229528 0.218194 0.948529
421 891 0.00461477 0.997361 0.0724519 -0.999552 0.00245777 0.0298324 0.0295756 -0.0725571 0.996926 -0.352139 0.265823 -0.897405
2219 2220 0.998129 -0.0293303 0.0536508 0.0272955 0.998894 0.0382746 -0.0547141 -0.0367386 0.997826 -0.760514 -0.161979 -0.628794
301 302 0.44387 0.000257153 0.896091 -0.0796409 0.996054 0.0391635 -0.892545 -0.0887491 0.44214 0.901299 -0.013091 -0.432999
301 352 0.983997 -0.0258432 0.176301 -0.00957667 0.980326 0.197152 -0.177928 -0.195685 0.96439 0.278099 0.236366 0.931017
301 419 0.988655 0.115177 0.0964167 -0.121568 0.990566 0.0632405 -0.0882232 -0.0742442 0.99333 -0.127835 0.0560445 0.990211
301 453 0.936835 0.112384 0.331226 -0.0147259 0.958809 -0.28367 -0.349463 0.260875 0.8999 0.163007 -0.601268 -0.782244
301 484 0.855018 0.0208815 0.518177 -0.0228187 0.999736 -0.00263532 -0.518095 -0.0095709 0.855269 0.9359 -0.0148626 -0.351953
301 498 -0.240991 0.0448812 -0.969489 0.0590393 0.997758 0.0315141 0.96873 -0.0496433 -0.2431 -0.921857 -0.0258117 -0.386669
301 606 0.995592 -0.0642304 0.0683445 0.0561755 0.991906 0.113873 -0.0751054 -0.109531 0.991142 0.31668 0.0436346 0.947528
301 695 0.909564 -0.00119433 0.415562 -0.0293851 0.997308 0.0671829 -0.414524 -0.0733184 0.90708 -0.925293 0.0189144 0.37878
301 758 0.898728 -0.323394 -0.296149 0.275912 0.941954 -0.191297 0.340823 0.0902129 0.935789 -0.585937 -0.171371 -0.792029
301 854 0.988959 0.091563 -0.116515 -0.0703433 0.982102 0.174721 0.130427 -0.164596 0.9777 -0.641406 0.0447099 0.765898
301 855 0.718849 -0.0224618 -0.694803 0.0439686 0.998946 0.0131961 0.693774 -0.0400355 0.719079 0.885757 0.0379148 0.462599
301 891 0.771707 -0.0325903 0.635143 0.0810211 0.995587 -0.0473564 -0.630796 0.0880052 0.770942 0.728224 0.108022 -0.676773
301 1068 0.98537 0.00703912 -0.170281 -0.00284019 0.999686 0.0248898 0.170403 -0.024042 0.985081 -0.954081 0.0160437 0.299119
301 1151 0.944487 0.0181592 0.328046 -0.0204915 0.999783 0.00365389 -0.327908 -0.0101732 0.944655 -0.898861 0.0298615 0.437215
301 1180 0.959369 -0.267968 0.0883409 0.279053 0.947414 -0.156643 -0.0417201 0.17493 0.983696 0.332765 0.208728 -0.919619
301 1224 -0.621316 -0.0506309 -0.781922 0.066177 0.990954 -0.11675 0.78076 -0.124284 -0.612345 -0.651513 -0.0397217 -0.757597
301 1419 0.752643 0.115831 0.64816 -0.0417271 0.990817 -0.128613 -0.657105 0.0697539 0.750564 0.912484 -0.00778896 -0.409037
301 1427 0.748397 0.210593 0.628929 -0.311095 0.948931 0.0524447 -0.585766 -0.234906 0.775692 0.999856 0.00119917 0.01693
301 1478 0.998429 -0.0152764 0.0539014 0.00268954 0.974067 0.226246 -0.0559599 -0.225745 0.972578 0.0812114 0.540799 0.837222
301 1491 0.893488 -0.0374078 0.447527 0.0529538 0.998349 -0.0222724 -0.445955 0.0435984 0.893993 0.68442 0.0420909 -0.727872
301 1589 0.939637 0.0570869 -0.337377 -0.0632383 0.997972 -0.00726169 0.336278 0.0281585 0.941342 0.0493896 -0.0142379 -0.998678
301 1600 0.44001 -0.0509063 -0.896549 0.0941153 0.995508 -0.0103351 0.893047 -0.0798314 0.442824 -0.9989 -0.00773928 -0.0462445
301 1601 0.531703 -0.0397959 -0.845996 0.0830826 0.996528 0.00533991 0.842846 -0.0731268 0.533163 -0.99309 0.00590311 0.117209
301 1612 0.961938 -0.0439095 0.269719 0.000888293 0.987503 0.157595 -0.273268 -0.151357 0.949956 -0.00946364 0.585204 0.810831
301 1638 0.972704 -0.0224324 0.230963 -0.00602914 0.992537 0.121792 -0.231971 -0.11986 0.96531 0.224324 0.400617 0.888361
301 1886 0.752105 0.0517356 0.65701 -0.0641375 0.997928 -0.00516027 -0.655915 -0.0382578 0.753864 0.722946 -0.0189282 -0.690645
301 1910 0.994281 0.0857835 -0.0636123 -0.090239 0.993398 -0.0708321 0.0571162 0.0761673 0.995458 -0.230648 0.0486796 -0.971819
301 1912 0.992459 -0.00193318 0.122564 -0.00254916 0.999334 0.0364043 -0.122552 -0.0364421 0.991793 -0.763936 0.0357988 0.644298
301 1921 0.999595 -0.00782594 0.0273669 0.00619938 0.998237 0.0590232 -0.0277807 -0.0588297 0.997882 -0.915583 0.0152294 0.401841
301 1922 0.994788 0.00990046 -0.101483 -0.00849786 0.999862 0.014244 0.10161 -0.0133074 0.994735 -0.976694 0.00179343 0.214627
301 2015 0.974284 0.0169845 -0.224682 -0.00083302 0.99742 0.0717862 0.225321 -0.069753 0.971784 -0.81408 0.0365486 0.579601
301 2219 0.975902 0.183583 0.117947 -0.205236 0.955826 0.210416 -0.0741083 -0.229552 0.970471 0.411858 0.138206 0.900707
301 2220 0.111031 0.754094 0.647313 0.410963 0.558204 -0.720776 -0.904865 0.34605 -0.247927 0.187518 -0.505214 -0.842375
1919 1920 0.996471 0.000222797 -0.0839354 0.0156924 0.98187 0.188906 0.0824557 -0.189556 0.978402 -0.463954 0.135556 0.875426
1919 1921 0.520982 0.011021 -0.853497 0.0039366 0.999875 0.0153141 0.853559 -0.0113382 0.520873 -0.984718 -0.014983 0.17351
1919 1924 0.999548 0.0300056 -0.00213973 -0.0300345 0.999435 -0.0151099 0.00168514 0.0151674 0.999883 -0.580587 -0.0744073 0.810791
1919 1926 0.998747 -0.0277032 -0.0416703 0.0199802 0.98428 -0.175484 0.0458767 0.174431 0.9836 -0.0247881 0.0874862 0.995857
1919 1928 0.99868 0.00150559 0.0513496 -0.00153575 0.999999 0.000547944 -0.0513487 -0.000626081 0.998681 -0.376297 0.0738343 0.923552
1919 1954 0.998423 -0.0314298 -0.0465168 0.0234198 0.986234 -0.163688 0.0510213 0.162341 0.985415 -0.159746 -0.176151 -0.971315
1919 1996 0.950205 -0.0451805 -0.308333 0.0323363 0.998388 -0.0466426 0.309944 0.0343498 0.950134 -0.999895 -0.0128151 -0.00673999
1919 2009 0.999362 0.00715674 -0.0349972 -0.010498 0.995303 -0.0962426 0.034144 0.0965486 0.994742 -0.93216 0.00612996 -0.361996
1919 2011 0.999866 0.00753877 0.0145123 -0.00551381 0.990853 -0.134834 -0.0153961 0.134736 0.990762 -0.0101897 0.0971089 0.995222
1919 2016 0.975505 -0.0316242 -0.217691 0.0528928 0.9943 0.0925773 0.213522 -0.101824 0.971617 -0.619266 0.0792964 0.781167
1919 2018 0.972915 -0.0184267 -0.230427 0.0224803 0.999635 0.0149787 0.230067 -0.019753 0.972974 -0.62918 0.0921438 0.771778
1919 2026 0.998272 0.0120053 0.0575292 0.00501225 0.957953 -0.286881 -0.0585543 0.286673 0.956237 0.0296886 0.0938373 0.995145
1919 2033 0.998857 0.00451731 0.047577 -0.00831546 0.996765 0.0799392 -0.047062 -0.0802435 0.995664 -0.749585 0.00888283 0.661849
1919 2037 0.999379 -0.0323864 -0.0138488 0.0313313 0.997012 -0.070602 0.016094 0.0701243 0.997408 -0.0139919 -0.126871 -0.99182
1919 2040 0.789283 -0.0924826 -0.607026 0.0661849 0.995646 -0.0656338 0.610453 0.0116277 0.791968 -0.838353 -0.0567647 -0.542165
1919 2048 0.994129 -0.0157374 0.10705 0.0219246 0.998141 -0.0568682 -0.105956 0.0588813 0.992626 0.836373 -0.00353 0.548149
1919 2050 0.99863 0.00825248 -0.0516735 -0.0164119 0.987056 -0.159535 0.0496881 0.160164 0.985839 0.298022 -0.0955276 -0.949767
1919 2054 0.975702 0.077624 0.204891 -0.010498 0.950627 -0.310157 -0.218851 0.30047 0.928343 -0.217392 -0.1025 -0.970688
1919 2055 0.836789 -0.162912 -0.522727 0.0383009 0.969787 -0.240928 0.546184 0.181585 0.817747 -0.172827 -0.113345 -0.978409
1919 2058 0.868354 0.0745401 0.490311 -0.0472623 0.996579 -0.0678032 -0.493687 0.035704 0.868906 -0.0992144 -0.108966 -0.989082
1919 2059 0.937547 0.0818864 0.338082 -0.0348005 0.989102 -0.143063 -0.346112 0.122363 0.930179 -0.0945452 -0.112215 -0.989176
1919 2060 0.958534 -0.0685614 -0.276609 0.0318411 0.990317 -0.135124 0.283195 0.120714 0.951435 -0.0864923 -0.116388 -0.989431
1919 2063 0.99996 -0.00282918 -0.00850124 0.00254718 0.999452 -0.033001 0.00858994 0.032978 0.999419 -0.0104185 0.126462 0.991917
1919 2064 0.996173 0.0165376 0.0858287 -0.00307359 0.987959 -0.154687 -0.0873534 0.153831 0.984228 -0.0163285 0.109243 0.993881
1919 2080 0.95397 -0.0389566 -0.297363 0.00645248 0.993964 -0.109516 0.299835 0.102556 0.948463 -0.522277 0.0778517 0.849215
1919 2083 0.940125 0.0288813 0.339604 -0.0279971 0.99958 -0.00750376 -0.339678 -0.00245345 0.940539 0.400317 -0.121091 -0.908341
1919 2090 0.999044 -0.0221045 -0.0377247 0.0221641 0.999754 0.0011661 0.0376896 -0.00200112 0.999287 -0.600587 -0.267704 -0.753412
1919 2091 0.992647 -0.00157453 -0.121036 -0.00513961 0.998465 -0.0551403 0.120937 0.0553569 0.991115 -0.92232 -0.0199881 0.38591
1919 2155 0.995941 0.00478033 0.0898798 0.00128799 0.997729 -0.0673371 -0.0899977 0.0671796 0.993674 0.680259 -0.142153 -0.719055
1919 2158 0.93408 0.0839616 0.347052 -0.0354811 0.988976 -0.143764 -0.355296 0.121974 0.926761 0.503324 -0.132043 -0.85395
1919 2159 0.999707 -0.0224345 -0.00904856 0.0214829 0.995317 -0.0942468 0.0111206 0.0940248 0.995508 -0.024551 -0.13082 -0.991102
1919 2164 0.997884 0.0191724 0.0621313 -0.00784786 0.984068 -0.177619 -0.0645469 0.176755 0.982136 0.360146 -0.159686 -0.919127
1919 2169 0.999892 0.0118172 0.00875659 -0.0114398 0.999053 -0.0419673 -0.00924424 0.0418625 0.999081 -0.0163192 0.120182 0.992618
1919 2176 0.933869 0.0903535 0.346013 -0.0465432 0.990035 -0.132908 -0.354573 0.108014 0.928768 0.518952 0.0935626 0.849667
1919 2177 0.997831 0.0128088 0.0645683 -0.00491383 0.992643 -0.120978 -0.0656428 0.120399 0.990553 0.880271 -0.00398561 0.474455
1919 2178 0.996792 -0.00879754 0.0795561 0.00373239 0.997969 0.0635935 -0.079954 -0.0630924 0.9948 0.991883 -0.118658 -0.045699
1919 2181 0.971993 0.0531936 0.228909 -0.0298763 0.994113 -0.10415 -0.233101 0.0943944 0.96786 0.65626 -0.0290291 0.753977
1919 2188 0.984678 -0.0303699 -0.171716 0.02339 0.998821 -0.0425268 0.172805 0.0378588 0.984228 -0.704286 0.0650699 0.706928
1919 2221 0.991334 -0.017797 -0.130151 -0.00787032 0.980953 -0.194084 0.131126 0.193427 0.972313 -0.338032 0.0789275 0.937819
1919 2223 0.984527 -0.0344228 -0.171821 0.00965205 0.989681 -0.142967 0.17497 0.139097 0.974699 -0.95115 -0.0860757 -0.296489
1919 2235 0.999888 0.00175297 -0.0148386 -0.00309169 0.995875 -0.090683 0.0146184 0.0907188 0.995769 -0.482837 -0.516647 -0.707067
1919 2236 0.999934 0.00334495 -0.0110187 -0.00478694 0.991029 -0.133562 0.0104731 0.133606 0.990979 -0.0334485 0.125494 0.99153
1919 2247 0.999022 -0.023473 -0.0374639 0.0174632 0.988016 -0.153361 0.0406148 0.152557 0.98746 0.00749115 -0.128649 -0.991662
1919 2250 0.999991 0.00283809 0.00314326 -0.00255778 0.996305 -0.0858466 -0.00337528 0.0858378 0.996303 -0.048309 -0.156833 -0.986443
1617 1618 0.994017 -0.00739239 -0.108975 -0.00827583 0.989741 -0.142627 0.108911 0.142676 0.983759 -0.772312 -0.105494 -0.626423
1617 1627 0.999623 -0.0115043 0.0249307 0.0199056 0.929046 -0.369427 -0.0189118 0.369784 0.928925 -0.00021603 -0.114161 -0.993462
1617 1630 0.998906 -0.00104503 -0.0467457 0.0037163 0.998362 0.0570944 0.0466095 -0.0572057 0.997274 0.0814276 -0.0483774 -0.995504
1617 1631 0.999887 -0.00685161 0.0133766 0.00766166 0.998079 -0.0614772 -0.0129296 0.0615728 0.998019 0.0174622 0.155549 0.987674
1617 1637 0.881231 -0.109079 -0.459929 0.0477216 0.988569 -0.143018 0.470271 0.104083 0.876363 -0.917674 0.0100498 0.397208
1617 1665 0.906965 0.146674 0.394843 -0.0758227 0.978951 -0.189488 -0.414325 0.141921 0.898995 0.393152 -0.129409 0.910321
1617 1666 0.999615 0.0177928 0.0212852 -0.0163044 0.997541 -0.0681656 -0.0224457 0.0677923 0.997447 0.0274062 0.239603 0.970484
1617 1671 0.969753 -0.0258911 0.242711 -0.00380742 0.992633 0.121101 -0.244059 -0.118362 0.96251 -0.0559791 -0.00304995 0.998427
1617 1691 0.94039 -0.00295251 0.340084 -0.0048495 0.999744 0.0220891 -0.340062 -0.0224217 0.940136 0.352974 0.294757 0.887991
1617 1698 0.903827 0.0844582 0.41948 -0.0602982 0.995684 -0.0705505 -0.423628 0.0384715 0.905019 0.323702 -0.100601 -0.940796
1617 1740 0.995674 0.00548521 0.0927545 -0.00638009 0.999936 0.00935402 -0.0926972 -0.00990533 0.995645 0.132466 0.164083 0.977512
1617 1741 0.954419 -0.0420897 0.295488 0.0246826 0.997746 0.0623959 -0.297448 -0.0522584 0.953306 0.450524 0.502911 0.737637
1617 1746 0.98552 0.0371172 0.165444 -0.0258884 0.997245 -0.0695184 -0.167567 0.0642287 0.983766 0.372305 0.0727545 0.925254
1617 1748 0.999997 0.000217997 0.0023203 -0.000198818 0.999966 -0.00826291 -0.00232203 0.00826242 0.999963 0.0277226 0.162663 0.986292
1617 1781 0.999357 0.0256181 0.0251009 -0.0285331 0.991915 0.123652 -0.0217303 -0.124289 0.992008 0.0669578 0.186729 0.980127
1617 1784 0.999875 0.0111491 0.0112204 -0.0118154 0.998056 0.0611832 -0.0105165 -0.0613082 0.998063 0.036512 0.221288 0.974525
1617 1788 0.999811 -0.00732615 0.0179911 0.00705136 0.999858 0.0152894 -0.0181005 -0.0151596 0.999721 0.0100327 0.175426 0.984442
1617 1795 0.999674 -0.00837213 0.0241354 0.00828823 0.999959 0.00357396 -0.0241644 -0.00337275 0.999702 -0.028931 0.307941 0.950965
1617 1802 0.993276 -0.00271282 -0.115735 -0.0300187 0.959495 -0.280122 0.111807 0.281712 0.952962 -0.219989 0.123082 0.967706
1617 1880 0.999855 0.00283584 0.0167868 -0.00235189 0.999583 -0.0287789 -0.0168614 0.0287353 0.999445 0.0265533 0.227562 0.973401
1617 1886 0.687713 -0.0761989 -0.721972 0.031628 0.996677 -0.0750648 0.725293 0.0287886 0.687838 -0.550079 -0.0314991 0.834519
1617 1887 0.976621 -0.0205417 -0.213985 0.0192016 0.999781 -0.00833961 0.21411 0.00403577 0.976801 -0.519921 0.0959655 0.848806
1617 1888 0.94888 -0.0888269 -0.30288 0.03997 0.985675 -0.163852 0.313096 0.14337 0.938837 -0.472736 -0.110433 -0.874257
1617 1916 0.999891 0.00631892 -0.0133581 -0.00776201 0.993801 -0.1109 0.0125745 0.110992 0.993742 -0.195614 -0.14877 -0.969331
1617 1919 0.999927 -0.00115829 0.0120082 0.00119246 0.999995 -0.00283936 -0.0120049 0.00285348 0.999924 0.102866 0.207214 0.972872
1617 1920 0.999485 0.00104288 0.0320643 0.00507735 0.981733 -0.190198 -0.0316769 0.190263 0.981222 -0.145405 0.123154 -0.981677
1617 1921 0.417779 0.02434 -0.908222 -0.0451437 0.998962 0.00600591 0.907426 0.0384914 0.418445 -0.977353 -0.0234939 0.210306
1617 1924 0.999514 0.0277362 -0.0142013 -0.027768 0.999612 -0.0020509 0.0141389 0.00244425 0.999897 -0.259526 0.198011 0.945218
1617 1926 0.998271 -0.0293958 -0.0509024 0.0261606 0.997664 -0.0630967 0.0526383 0.061656 0.996708 -0.0386448 0.25287 0.966728
1617 1928 0.998986 -0.000212108 0.0450232 -0.00106055 0.999601 0.028241 -0.0450112 -0.0282601 0.998587 -0.238961 0.152546 0.958972
1617 1954 0.999587 -0.0280911 0.00605399 0.0286554 0.990183 -0.136809 -0.00215145 0.136926 0.990579 0.240745 0.108577 0.964496
1617 1996 0.964031 -0.0469054 -0.261617 0.0317627 0.997582 -0.0618145 0.263884 0.0512815 0.96319 -0.974135 0.0148727 0.225478
1617 2009 0.999806 0.00791882 -0.0180339 -0.00974295 0.99459 -0.103421 0.0171174 0.103577 0.994474 -0.321253 0.196963 0.926284
1617 2011 0.999373 0.00755485 0.0345773 -0.00380708 0.99423 -0.107197 -0.0351876 0.106998 0.993636 0.0274271 0.141639 0.989538
1617 2016 0.976746 -0.033775 -0.211723 0.0543573 0.99426 0.092159 0.207395 -0.101525 0.972975 -0.541853 0.0925145 0.835366
1617 2018 0.972644 -0.0186702 -0.23155 0.0220974 0.999681 0.0122166 0.231248 -0.0169991 0.972746 -0.552993 0.0976645 0.827442
1617 2026 0.996578 0.0193318 0.0803672 0.00290334 0.963481 -0.267761 -0.0826085 0.267078 0.960127 0.0647441 0.13942 0.988114
1617 2033 0.999454 0.00505714 0.0326643 -0.00809211 0.99559 0.0934613 -0.0320476 -0.0936745 0.995087 -0.514815 0.103472 0.851034
1617 2037 0.999413 -0.0342502 0.000821693 0.0342511 0.998313 -0.0468722 0.000785076 0.0468729 0.998901 -0.0103377 -0.130624 -0.991378
1617 2040 0.770016 -0.086402 -0.632147 0.0349505 0.995013 -0.0934254 0.637067 0.0498452 0.769195 -0.975852 -0.0728466 -0.205927
1617 2048 0.993616 -0.0169155 0.111543 0.0240362 0.997736 -0.0628056 -0.110228 0.0650857 0.991773 0.617256 0.0574972 0.784658
1617 2050 0.991411 0.0275255 -0.127855 -0.0460039 0.988521 -0.143907 0.122426 0.148552 0.981297 0.419131 -0.0453888 -0.906791
1617 2054 0.948465 0.108004 0.297908 -0.0263707 0.963764 -0.265448 -0.315782 0.243912 0.916945 -0.279277 -0.0816393 -0.956734
1617 2055 0.866186 -0.150154 -0.47663 0.0490069 0.974716 -0.218006 0.497313 0.165476 0.851644 -0.253763 -0.119799 -0.959819
1617 2058 0.862246 0.0751558 0.500882 -0.0556618 0.997 -0.0537774 -0.503421 0.0184894 0.863843 -0.118969 -0.126091 -0.984859
1617 2059 0.928053 0.0793581 0.363896 -0.0385901 0.992266 -0.117976 -0.370444 0.0954448 0.923938 -0.12745 -0.115387 -0.98511
1617 2060 0.965202 -0.0669137 -0.252801 0.0388796 0.992684 -0.11431 0.2586 0.100503 0.960742 -0.125916 -0.125258 -0.984101
1617 2063 0.999921 -0.00414985 0.0118739 0.00420619 0.99998 -0.00472445 -0.011854 0.00477402 0.999918 0.0195691 0.166361 0.985871
1617 2064 0.994259 0.0191134 0.105278 -0.00545135 0.991687 -0.128558 -0.10686 0.127247 0.986098 0.0210021 0.15011 0.988446
1617 2080 0.942919 -0.0570371 -0.328103 0.0106843 0.989898 -0.141378 0.332852 0.129802 0.934003 -0.472214 0.0352527 0.880779
1617 2083 0.969602 0.0324971 0.242517 -0.0361001 0.999294 0.0104263 -0.242006 -0.0188643 0.970091 -0.647212 0.104804 0.755071
1617 2090 0.998883 -0.0221504 -0.0417311 0.0212533 0.999536 -0.0218185 0.042195 0.0209072 0.998891 -0.291066 -0.13949 0.946479
1617 2091 0.991018 0.0025479 -0.133701 -0.0130645 0.996881 -0.0778388 0.133086 0.0788865 0.98796 -0.55249 -0.0181635 0.833322
1617 2155 0.994955 0.00415923 0.100231 0.00381393 0.996849 -0.0792252 -0.100245 0.0792079 0.991805 0.99263 -0.11955 0.0198602
1617 2158 0.987493 0.0580597 0.146582 -0.0382058 0.990136 -0.134798 -0.152962 0.127512 0.979971 -0.677608 -0.00786422 0.735381
1617 2159 0.99968 -0.0240002 0.00795943 0.0244931 0.997312 -0.0690501 -0.00628082 0.0692231 0.997582 -0.0185803 -0.132115 -0.99106
1617 2164 0.996875 0.011579 0.0781445 0.00230151 0.984523 -0.17524 -0.0789641 0.174872 0.98142 0.940147 0.00850058 -0.340663
1617 2169 0.99957 0.0107473 0.0272848 -0.0104298 0.999877 -0.0117525 -0.0274078 0.0114628 0.999559 0.0114902 0.160372 0.98699
1617 2176 0.926543 0.0937543 0.364316 -0.0365455 0.986299 -0.160873 -0.374407 0.135742 0.917275 0.460747 0.0666119 0.885028
1617 2177 0.999988 0.00206665 0.00448156 -0.00138597 0.989152 -0.146886 -0.00473651 0.146878 0.989143 0.371016 -0.00292891 0.928622
1617 2178 0.996509 -0.0130777 0.0824583 0.00962033 0.999063 0.0421878 -0.0829328 -0.0412472 0.995701 0.519654 -0.119092 0.846036
1617 2181 0.990971 0.0671704 0.116039 -0.0520615 0.990322 -0.128655 -0.123558 0.121452 0.984877 -0.329219 -0.0317963 0.943718
