1338 1362 0.76627 -0.0011035 -0.642517 -0.0516809 0.996653 -0.0633467 0.640436 0.0817465 0.763648 -0.797007 -0.254529 0.547718
1338 1364 0.980552 0.0360467 0.19292 -0.0250328 0.997931 -0.0592273 -0.194655 0.0532462 0.979425 0.198551 0.105614 0.974383
1338 1365 0.984841 0.0123076 0.173021 -0.0154669 0.999737 0.0169233 -0.172768 -0.0193428 0.984773 0.076096 0.353769 0.932232
1338 1366 0.981958 0.033269 0.186147 -0.0284019 0.999183 -0.0287528 -0.186952 0.0229471 0.982101 0.0721663 0.203992 0.976309
1338 1368 0.99059 0.0317987 0.133118 -0.00230935 0.97638 -0.216049 -0.136844 0.213708 0.967265 0.0849558 0.0784856 0.993289
1338 1375 0.958932 -0.0385573 -0.281005 0.0266014 0.998576 -0.0462395 0.282387 0.0368655 0.958592 -0.153688 -0.0138787 -0.988022
1338 1379 0.742894 -0.079348 -0.664689 0.00125195 0.993113 -0.117155 0.669407 0.0862015 0.737877 0.144577 0.0383819 0.988749
1338 1388 0.923177 -0.0357091 -0.382713 0.0662321 0.995561 0.0668733 0.378626 -0.0870837 0.921444 0.274797 0.046853 0.96036
1338 1389 0.865914 -0.105672 -0.488903 0.085682 0.994319 -0.0631591 0.492799 0.0128002 0.870049 0.198936 0.0696539 0.977534
1338 1390 0.905385 -0.0488249 -0.421775 0.0933484 0.991951 0.0855537 0.414203 -0.116831 0.902655 0.925291 0.120059 0.359754
1338 1398 0.974178 -0.0437132 0.221506 -0.0150126 0.966366 0.256732 -0.225279 -0.253429 0.940757 0.414556 0.244122 0.876669
1338 1459 0.998595 -0.0359464 -0.0389231 0.0310309 0.992258 -0.120258 0.0429446 0.118882 0.991979 0.420461 0.113671 0.900162
1338 1460 0.974112 0.0035453 0.226039 0.0243026 0.99244 -0.120297 -0.224756 0.122677 0.966661 0.384412 0.120185 0.915305
1338 1479 0.948141 -0.0553108 -0.313002 0.0692583 0.997032 0.0336101 0.310214 -0.053545 0.949158 0.0211454 0.128252 0.991516
1338 1484 0.979695 -0.0376232 -0.19693 0.0474567 0.997839 0.0454539 0.194795 -0.0538766 0.979363 0.199836 0.0452847 0.978782
1338 1531 0.821151 0.185353 0.539774 -0.0777884 0.973315 -0.215888 -0.565385 0.135288 0.813656 0.182655 0.152186 0.971327
1338 1545 0.9433 0.0450385 0.32887 -0.0255549 0.997665 -0.0633302 -0.330955 0.0513351 0.942249 0.18996 0.123965 0.973934
1338 1555 0.982682 -0.0228506 -0.183884 0.0292239 0.99906 0.0320239 0.182979 -0.0368432 0.982426 0.329262 0.075242 0.941236
1338 1578 0.989526 -0.0163169 -0.14343 0.021752 0.9991 0.0364073 0.142707 -0.0391459 0.988991 -0.426849 0.0702515 0.90159
1338 1579 0.912544 -0.0841252 -0.400233 0.0775924 0.996454 -0.032532 0.401551 -0.00136812 0.915836 -0.415593 0.0401983 0.908662
1338 1583 0.989109 -0.0343692 -0.143118 0.0296449 0.998947 -0.0350125 0.14417 0.0303885 0.989086 -0.413706 0.0508691 0.908988
1338 1699 0.866873 -0.0564357 0.495324 0.0265605 0.997389 0.0671555 -0.497821 -0.0450592 0.866109 0.54886 0.0103699 0.83585
1338 1763 0.995334 -0.0186367 0.0946686 0.00895087 0.994772 0.101724 -0.0960695 -0.100402 0.990298 0.358568 -0.167232 -0.918402
1338 1789 0.974011 -0.040001 0.222942 0.0132841 0.992676 0.120072 -0.226112 -0.113991 0.967409 0.920222 0.0740544 0.384326
1338 1818 0.957656 -0.0905545 -0.2733 0.0103526 0.959467 -0.281631 0.287726 0.266876 0.919777 0.0905817 -0.029891 0.99544
1338 1825 0.785055 -0.0589748 -0.616612 0.176976 0.975318 0.132038 0.593606 -0.212784 0.776115 -0.203141 0.128226 0.970717
1338 1826 0.947137 -0.207805 -0.244436 0.238134 0.965908 0.101561 0.214998 -0.154401 0.964332 -0.201219 0.124203 0.97164
1338 1827 0.959607 -0.165842 -0.227267 0.195042 0.974314 0.112566 0.202761 -0.152345 0.967305 -0.20909 0.119836 0.970526
1338 1829 0.987336 -0.0475281 -0.151359 0.0719526 0.984454 0.16023 0.14139 -0.169091 0.975406 -0.204504 0.115812 0.97199
1338 1830 0.953417 -0.175652 -0.245241 0.155581 0.982839 -0.099104 0.25844 0.0563325 0.964383 -0.205256 0.116831 0.97171
1338 1831 0.932757 -0.125816 0.337838 0.106281 0.991444 0.0757915 -0.344484 -0.0347893 0.938148 -0.199698 0.0900454 0.975711
1338 1832 0.927826 -0.134568 0.347892 0.0906195 0.986035 0.139725 -0.361836 -0.0981152 0.927064 -0.25243 0.123008 0.959764
1338 1833 0.945799 -0.209933 -0.247777 0.228693 0.972255 0.0491911 0.230575 -0.103189 0.967567 -0.222502 0.115326 0.968087
1338 1842 0.929945 -0.163363 -0.329414 0.168186 0.985656 -0.0140112 0.326978 -0.0423732 0.944081 -0.123174 0.10816 0.986473
1338 1843 0.987175 -0.127922 0.0955026 0.126941 0.991777 0.0162867 -0.0968006 -0.00395455 0.995296 -0.129626 0.113136 0.985087
1338 1844 0.869305 0.0185635 0.493927 0.00290818 0.999085 -0.0426673 -0.494267 0.0385273 0.868456 -0.0726352 0.0689786 0.99497
1338 1845 0.880265 0.0306973 0.473488 -0.0136928 0.999133 -0.0393196 -0.474284 0.0281283 0.879922 -0.0959842 0.124671 0.987545
1338 1849 0.997477 -0.0495969 0.0507804 0.0588376 0.977897 -0.200638 -0.039707 0.20312 0.978348 -0.134229 0.176832 0.975045
1338 1850 0.930427 -0.108643 -0.350004 0.122617 0.992292 0.0179463 0.345357 -0.0596143 0.936576 -0.102907 0.0995675 0.989695
1338 1853 0.771571 -0.102279 -0.627868 0.132867 0.991132 0.00182323 0.622114 -0.0848295 0.778318 -0.109315 0.126215 0.985961
1338 1857 0.933373 -0.0882798 -0.347881 0.120695 0.990031 0.0725933 0.338004 -0.109745 0.934724 -0.1039 0.116756 0.987711
1338 1858 0.993095 -0.0940739 -0.0700942 0.102347 0.986777 0.125689 0.0573433 -0.131995 0.98959 -0.115367 0.128157 0.985021
1338 1863 0.868044 -0.242314 -0.433339 0.0719187 0.924974 -0.373163 0.49125 0.292757 0.820345 -0.127507 0.0886141 0.987871
1338 1866 0.723452 -0.0263518 -0.689872 0.0775856 0.996044 0.0433151 0.686001 -0.0848605 0.722635 -0.386342 -0.0348952 0.921695
1338 1871 0.868813 0.072979 -0.489733 0.076273 0.957547 0.278004 0.48923 -0.278887 0.826363 -0.350626 0.115319 0.929389
1338 1875 0.98118 -0.12584 0.146455 0.107649 0.986154 0.126146 -0.160302 -0.108006 0.981141 -0.7333 0.105454 0.671677
1338 1888 0.643427 -0.131259 -0.75417 0.159122 0.986604 -0.0359562 0.748787 -0.0968698 0.655694 -0.277017 -0.0418424 0.959954
1338 1889 0.773324 -0.0386482 -0.632833 0.0587939 0.99821 0.0108838 0.631279 -0.0456233 0.774212 -0.412584 -0.263104 0.872096
1338 1891 0.99802 -0.0628126 0.00338591 0.062834 0.992928 -0.100722 0.00296466 0.100736 0.994909 -0.158794 0.119324 0.980075
1338 1901 0.752769 -0.132944 -0.644721 0.156668 0.987434 -0.0206901 0.63937 -0.0854319 0.764138 -0.202622 0.114741 0.972512
1338 1902 0.984596 -0.165674 0.0558745 0.155953 0.976654 0.147731 -0.0790452 -0.136742 0.987448 -0.212024 0.0969421 0.972444
1338 1903 0.851765 -0.106461 -0.512994 0.224414 0.958904 0.173611 0.473429 -0.262999 0.840653 -0.206815 0.129108 0.969824
1338 1905 0.788907 -0.16754 -0.591233 0.205946 0.97856 -0.00249645 0.578975 -0.119792 0.806497 -0.21243 0.134392 0.967891
1338 1906 0.913832 -0.17263 -0.367573 0.139479 0.983509 -0.11514 0.381389 0.0539505 0.92284 -0.205117 0.0933083 0.97428
1338 1907 0.997709 -0.0575076 0.0356242 0.0550292 0.996233 0.0670256 -0.0393445 -0.0649117 0.997115 -0.215314 0.100544 0.971355
1338 1908 0.971291 -0.19482 0.136522 0.219766 0.954541 -0.201381 -0.0910831 0.225602 0.969953 -0.264099 0.144943 0.953543
1338 1910 0.693445 -0.157848 -0.703007 0.23259 0.972512 0.0110661 0.681936 -0.171186 0.711097 -0.223755 0.100656 0.969434
1338 1911 0.9644 -0.111122 -0.239969 0.116005 0.993229 0.00627571 0.237647 -0.03389 0.97076 -0.390003 0.463794 0.795483
1338 1919 0.887076 -0.0199138 0.461195 0.0678971 0.993832 -0.0876829 -0.456605 0.109095 0.882956 -0.0607366 0.102774 0.992849
1338 1920 0.998695 -0.0495892 -0.0122024 0.0502985 0.996481 0.0670432 0.00883487 -0.0675695 0.997675 -0.110643 0.101698 0.988643
1338 1921 0.983207 -0.0324519 0.179586 0.057284 0.989206 -0.134868 -0.173271 0.14289 0.974453 -0.148883 0.103011 0.983475
1338 1922 0.690472 -0.204644 -0.693807 0.175691 0.97787 -0.113585 0.701698 -0.0434684 0.711147 -0.207915 -0.0204563 0.977933
1338 1927 0.953198 -0.181067 -0.242134 0.122712 0.963604 -0.237506 0.276326 0.196677 0.940724 0.0858303 0.0585713 0.994587
1338 1934 0.73369 -0.05472 -0.677278 0.0932324 0.995431 0.0205729 0.673058 -0.0782384 0.735439 -0.366559 0.116927 0.923018
1338 1935 0.90123 -0.0298273 -0.432314 0.0641978 0.99581 0.0651254 0.42856 -0.0864466 0.899368 -0.653376 -0.0848766 0.752261
1338 1944 0.997904 -0.0530311 -0.037076 0.0547718 0.997362 0.0476265 0.0344526 -0.0495574 0.998177 -0.679381 0.0839104 0.728972
1338 1945 0.985011 0.00511661 -0.17242 0.00482811 0.998351 0.0572089 0.172428 -0.0571839 0.983361 -0.62884 0.0582507 0.77535
1338 2092 0.988362 -0.0753563 -0.132143 0.0605246 0.991764 -0.112874 0.13956 0.103562 0.984783 -0.360273 0.0593447 0.930957
1338 2200 0.999826 0.015785 0.00987654 -0.0139811 0.986741 -0.161705 -0.0122981 0.161539 0.98679 0.495104 -0.126955 -0.859508
1338 2236 0.964085 0.219651 -0.14931 -0.243344 0.955763 -0.165229 0.106412 0.195629 0.974888 0.957209 0.144346 0.250831
1338 2237 0.994152 -0.0431951 0.0989775 0.0505562 0.996041 -0.0731122 -0.0954276 0.0776886 0.9924 0.876639 0.0866177 0.473288
1338 2238 0.955748 -0.0261753 0.293022 0.0602329 0.992344 -0.107816 -0.287956 0.120695 0.950007 0.893262 0.0864058 0.441153
1338 2272 0.996218 0.0197433 0.0846217 -0.0343071 0.984098 0.174281 -0.0798352 -0.176524 0.981053 0.258635 0.12349 0.958049
1338 2278 0.998684 -0.0356898 -0.0368349 0.0375515 0.997985 0.0511536 0.034935 -0.0524695 0.998011 0.280786 0.11834 0.952447
1338 2279 0.800862 0.126242 0.585392 -0.0180879 0.982181 -0.187066 -0.598577 0.139226 0.788874 0.206162 0.0936322 0.974028
1338 2281 0.98592 -0.0686204 -0.152493 0.0400851 0.98232 -0.18287 0.162345 0.174183 0.971239 0.225278 0.123777 0.9664
1338 2282 0.949345 0.109134 -0.294676 -0.228433 0.883628 -0.40868 0.215783 0.455292 0.863798 0.275333 0.0725399 0.958608
1338 2283 0.942566 0.0101962 -0.333865 -0.0656767 0.98568 -0.155315 0.3275 0.168323 0.929738 0.21291 0.105074 0.971406
1338 2284 0.902684 0.0814734 -0.42252 -0.0713436 0.996659 0.0397624 0.424348 -0.00574869 0.905481 0.136974 0.0677962 0.988252
1338 2285 0.975576 0.0747946 0.206538 -0.013373 0.958724 -0.284021 -0.219256 0.274322 0.936309 0.227941 0.125256 0.965585
1338 2286 0.964306 0.05968 0.257979 0.00548162 0.969562 -0.244785 -0.264735 0.237462 0.934627 0.241309 0.124231 0.962464
1338 2287 0.926052 -0.00490797 0.377366 0.0628769 0.987946 -0.141451 -0.372122 0.154718 0.915198 0.204564 0.111262 0.972509
1338 2291 0.950332 -0.126701 -0.284283 -0.0113848 0.898629 -0.438562 0.311031 0.420015 0.852552 0.28917 0.110113 0.950924
1338 2292 0.964352 -0.0976518 -0.245946 0.00200805 0.932094 -0.36221 0.264616 0.348804 0.899063 0.294181 0.105363 0.949924
1338 2296 0.94257 -0.0659055 0.327442 0.0220893 0.990493 0.135775 -0.333276 -0.120744 0.935066 0.920799 0.0628085 0.384947
1338 2333 0.966161 0.21198 0.146963 -0.138816 0.907518 -0.396411 -0.217403 0.362596 0.906234 -0.946028 -0.320037 -0.0510698
1338 2354 0.415691 0.174684 -0.892573 -0.161985 0.979911 0.116337 0.894965 0.0962231 0.435637 -0.963934 -0.132021 -0.231088
1338 2361 0.99552 -0.0321071 -0.0889324 0.0388126 0.996448 0.0747265 0.0862173 -0.0778435 0.993231 0.224493 0.10263 0.969056
1338 2363 0.0388662 0.0219711 -0.999003 -0.264865 0.964224 0.0109016 0.963502 0.264177 0.0432951 -0.883139 -0.0920368 -0.459995
1338 2364 0.834327 0.147313 0.531222 -0.0160771 0.969726 -0.243664 -0.551035 0.194755 0.811437 0.194196 0.0935519 0.976492
1338 2365 0.977296 -0.0629762 -0.202303 0.0558464 0.997607 -0.0407658 0.204386 0.0285424 0.978474 0.208842 0.098773 0.972948
1338 2367 0.968707 -0.0901315 -0.231264 0.0400051 0.976254 -0.212908 0.244963 0.196993 0.949309 0.259046 0.0822279 0.962358
1338 2370 0.895257 -0.036253 0.444073 -0.0114568 0.994482 0.104284 -0.445402 -0.0984487 0.889901 0.264434 0.112402 0.957831
1338 2408 0.972867 -0.0494284 0.226025 0.0426641 0.998486 0.0347177 -0.227399 -0.0241326 0.973503 0.737181 0.0315596 0.674957
1338 2412 0.907487 -0.037963 0.418361 -0.00475859 0.994915 0.100603 -0.420053 -0.0932866 0.902692 0.753273 0.0634403 0.654641
1338 2445 0.911772 -0.0327838 0.409387 0.0227551 0.99931 0.0293456 -0.410067 -0.0174408 0.911889 0.587025 0.807442 -0.0586399
1338 2867 0.911108 -0.119613 -0.39443 0.0716141 0.98835 -0.134298 0.405898 0.0941125 0.90906 -0.00368627 -0.136106 -0.990687
1338 2868 0.981401 -0.105499 -0.160382 0.0489021 0.945282 -0.322568 0.185637 0.308727 0.93286 0.00306425 -0.102292 -0.99475
1338 3208 0.985077 -0.080525 0.152118 0.108377 0.976791 -0.184751 -0.13371 0.19848 0.970941 -0.239358 -0.1945 0.951251
1338 3555 0.959832 -0.0637443 -0.27324 0.00827463 0.979858 -0.199525 0.280455 0.189249 0.941026 -0.886192 0.120419 -0.447396
1338 3556 0.917649 0.0351888 0.395831 -0.0152053 0.998452 -0.0535105 -0.397101 0.0430851 0.916763 0.994064 0.0765998 0.0772598
1338 3946 0.982156 -0.058581 0.178714 0.098066 0.970362 -0.220863 -0.160479 0.234448 0.958791 -0.0460223 -0.0137205 0.998846
1338 4833 0.995948 -0.0749384 -0.0497176 0.0680396 0.989396 -0.128321 0.0588066 0.124418 0.990486 -0.00412997 0.120141 0.992748
1338 4886 0.901207 -0.409828 -0.140949 0.239871 0.742551 -0.625363 0.360954 0.529773 0.767499 0.0684686 -0.268284 0.960904
1338 4907 0.667571 0.494911 0.556247 -0.487796 0.855148 -0.175432 -0.562497 -0.154222 0.812289 0.078998 -0.37874 0.922126
1338 5323 0.999474 -0.0289901 0.0145255 0.0293727 0.999208 -0.0268579 -0.0137353 0.0272704 0.999534 -0.022565 0.130366 0.991209
1338 5442 0.949558 0.0958307 0.29859 0.0267498 0.92394 -0.3816 -0.312448 0.370339 0.874771 -0.440492 -0.402733 -0.802355
1338 5446 0.951528 0.0479085 0.303808 0.0045916 0.985471 -0.169783 -0.307528 0.162948 0.937483 -0.973434 -0.19149 -0.125529
1338 5806 -0.0304436 -0.9991 -0.0295452 0.973199 -0.0228877 -0.228821 0.227939 -0.0357196 0.97302 -0.673976 -0.0110095 -0.738671
1338 5814 -0.0918859 0.918565 0.384441 -0.955621 0.0271788 -0.293344 -0.279904 -0.394334 0.875303 0.531157 -0.102136 -0.841095
1338 5910 0.924072 -0.0559235 -0.378103 0.0648889 0.997832 0.011002 0.376668 -0.0347014 0.925698 0.575866 0.0377115 -0.816674
1338 5936 0.99638 0.0416108 0.0741275 -0.0344612 0.994857 -0.0952466 -0.0777095 0.0923473 0.99269 0.921508 -0.137518 -0.363195
1338 5941 0.968621 -0.0215023 -0.24761 0.0359585 0.997893 0.0540091 0.245928 -0.0612181 0.967354 0.340248 0.0614127 0.938328
424 427 0.999842 -0.0144031 -0.0104457 0.0143296 0.999872 -0.00707218 0.0105462 0.00692138 0.99992 0.912059 -0.0083877 0.409973
424 436 0.99996 -0.00873927 -0.00182339 0.00873404 0.999958 -0.00285276 0.00184824 0.00283673 0.999994 0.216645 0.054258 -0.974742
424 503 0.989735 0.0263008 -0.140477 -0.0220566 0.999254 0.0316852 0.141205 -0.0282615 0.989577 -0.967875 0.235837 -0.0871699
2286 2287 0.992187 -0.0200931 0.123126 0.0041447 0.991709 0.128439 -0.124686 -0.126926 0.984044 -0.00281673 -0.0905857 -0.995885
2286 2290 0.795916 -0.0379791 -0.604215 0.161593 0.975149 0.151567 0.583443 -0.218272 0.782274 0.81962 -0.528199 -0.221878
2286 2291 0.820602 -0.213154 -0.530261 0.0842344 0.96282 -0.256678 0.565257 0.165964 0.808047 -0.133287 -0.563861 0.815043
2286 2292 0.919648 -0.168569 -0.354727 0.134861 0.983827 -0.117887 0.368863 0.0605757 0.927508 0.948998 0.271557 0.160185
2286 2296 0.9976 0.0630992 -0.0285203 -0.0475532 0.923673 0.380219 0.050335 -0.377951 0.924456 0.797537 -0.206677 -0.566762
2286 2317 0.772474 0.323987 0.546183 -0.481314 0.85976 0.170735 -0.41427 -0.394774 0.820082 -0.938065 0.314532 0.14527
2286 2322 0.953543 0.0653876 0.294078 -0.193007 0.88211 0.429686 -0.231313 -0.466484 0.853749 -0.937082 0.288713 0.196272
2286 2326 0.746295 0.220088 0.628176 -0.449556 0.862638 0.231853 -0.490861 -0.45543 0.742724 -0.917487 0.298288 0.263139
2286 2333 0.828783 0.11773 0.547045 -0.227166 0.964221 0.13665 -0.511385 -0.237524 0.825874 0.832599 -0.197478 -0.517475
2286 2351 0.92821 0.0969113 0.359214 -0.109951 0.993808 0.0159958 -0.35544 -0.0543433 0.933118 -0.908193 -0.279451 0.311598
2286 2352 0.976443 0.0672403 0.205033 -0.085312 0.993088 0.0806052 -0.198196 -0.0961981 0.97543 -0.936761 0.133877 0.323351
2286 2353 0.868022 0.0555611 0.493407 -0.152042 0.975728 0.157604 -0.472674 -0.211822 0.855401 0.101642 0.97905 -0.176439
2286 2354 0.726965 0.0394543 -0.68554 0.228415 0.927602 0.295602 0.647572 -0.37148 0.665322 0.514839 0.255865 0.818214
2286 2356 0.999777 0.0125419 -0.0169701 -0.00466652 0.915701 0.401834 0.0205793 -0.401665 0.915555 0.831071 0.150625 0.535381
2286 2359 0.926267 0.0058248 -0.376822 0.0888041 0.968351 0.233258 0.366255 -0.249523 0.896435 -0.0597989 -0.171977 -0.983284
2286 2361 0.949488 0.00674285 -0.31373 0.083373 0.958416 0.272923 0.302524 -0.285294 0.909443 0.43478 -0.586321 -0.683516
2286 2362 0.935816 -0.0178652 -0.352037 0.0969195 0.973262 0.208248 0.338904 -0.229001 0.912525 0.0322805 -0.981156 0.190501
2286 2364 0.954988 0.128417 0.267407 -0.134564 0.990894 0.0047111 -0.264367 -0.0404826 0.963572 -0.98063 0.194793 0.0205
2286 2365 0.936075 -0.0653433 -0.34568 0.122958 0.981397 0.14745 0.329614 -0.180528 0.926695 0.904968 -0.397014 -0.153011
2286 2367 0.860517 -0.125515 -0.493717 0.15261 0.988176 0.0147706 0.486025 -0.0880564 0.869497 0.590511 0.0806807 -0.802987
2286 2368 0.996749 0.0802254 0.00744376 -0.0792596 0.95975 0.269442 0.0144719 -0.269156 0.962988 -0.509798 0.441948 0.738097
2286 2370 0.985044 0.0209193 0.171031 -0.0802309 0.934118 0.34783 -0.152487 -0.35635 0.921825 -0.689227 0.398286 0.605256
2286 2395 0.998726 0.047247 -0.0177298 -0.0351739 0.903671 0.42678 0.036186 -0.425612 0.904182 -0.850621 0.21773 0.478578
2286 2408 0.999979 0.005121 0.00404127 -0.00604722 0.960041 0.279793 -0.00244696 -0.279811 0.960052 0.977977 -0.12532 -0.166898
2286 2409 0.856656 -0.483653 -0.1795 0.496292 0.867609 0.0308109 0.140834 -0.115479 0.983275 0.908061 -0.188731 -0.373906
2286 2411 0.788369 0.232312 0.569654 -0.321001 0.945254 0.0587593 -0.524817 -0.229183 0.819782 -0.761988 0.155255 0.628705
2286 2412 0.987897 0.0408878 0.14963 -0.0917212 0.931905 0.350915 -0.125093 -0.360391 0.924375 0.940146 -0.148554 -0.306688
2286 2415 0.573294 0.453708 0.682262 -0.364914 0.88693 -0.283183 -0.733602 -0.0866198 0.674037 0.987501 -0.0981815 0.123295
2286 2416 0.378287 -0.273556 -0.884345 0.334016 0.931315 -0.145207 0.863327 -0.240455 0.443676 -0.195458 -0.17186 -0.965536
2286 2445 0.99503 0.0188475 0.0977762 -0.0310734 0.991662 0.125067 -0.0946037 -0.127484 0.987319 0.768531 -0.169241 -0.617023
2286 2868 0.901234 -0.151902 -0.405836 0.117967 0.987179 -0.107528 0.416966 0.0490329 0.907599 0.120537 -0.357196 -0.926219
2286 2993 0.67227 0.0937965 0.73434 -0.269302 0.954967 0.124562 -0.689587 -0.281499 0.667255 0.91138 0.0371848 0.409883
2286 3088 0.910137 -0.282425 -0.303129 0.231806 0.953541 -0.192421 0.343391 0.104862 0.93332 -0.0540057 -0.330885 -0.942124
2286 3189 0.988377 -0.0631388 -0.138291 0.0383529 0.98381 -0.175062 0.147106 0.167723 0.974797 -0.767781 -0.155683 -0.62151
2286 3208 0.990215 -0.0638234 -0.1241 0.076029 0.99245 0.0962414 0.117021 -0.104735 0.987591 -0.195258 -0.317496 -0.927939
2286 3238 0.981083 -0.00266727 -0.193572 0.064051 0.948064 0.311565 0.182688 -0.31807 0.930299 -0.430234 -0.101786 -0.89696
2286 3555 0.931035 -0.103864 -0.349837 0.11951 0.992558 0.0233734 0.344806 -0.0635707 0.936519 0.544288 -0.340581 -0.766652
2286 3556 0.995573 0.0661877 0.0667284 -0.0788761 0.97446 0.21025 -0.0511082 -0.214582 0.975368 0.430233 -0.261837 -0.86391
2286 3946 0.8834 -0.0301842 -0.467646 0.146914 0.965453 0.215211 0.444994 -0.258822 0.857316 -0.745304 0.195261 -0.637491
2286 4284 0.983754 0.0579692 0.169906 -0.0732172 0.993696 0.0848939 -0.163913 -0.0959548 0.981797 0.00322841 0.769005 -0.639234
2286 4607 0.978875 0.0338666 -0.201635 0.0688079 0.874096 0.480854 0.192533 -0.48457 0.853301 -0.151046 0.433967 0.888177
2286 4617 0.996138 0.0640379 -0.0600639 -0.0573957 0.99266 0.10645 0.0664398 -0.102592 0.992502 -0.223495 0.216316 0.950399
2286 4831 0.742906 0.177367 0.64547 -0.194984 0.979782 -0.0448135 -0.640368 -0.092564 0.76247 -0.0286501 -0.578497 -0.815181
2286 4833 0.943378 -0.0740529 -0.323349 0.110208 0.989363 0.0949514 0.312878 -0.12521 0.941504 -0.227441 -0.319875 -0.919756
2286 4886 0.832093 -0.426761 -0.354256 0.307012 0.88634 -0.346619 0.461915 0.179659 0.868538 0.231596 -0.317216 -0.91964
2286 4907 0.740504 0.476118 0.474305 -0.511155 0.857216 -0.0624585 -0.43632 -0.196193 0.878142 0.47974 -0.776408 -0.408706
2286 5109 0.995366 -0.0463677 -0.0842451 0.0523729 0.996134 0.07053 0.0806491 -0.0746153 0.993946 -0.00825054 -0.356932 -0.934094
2286 5323 0.974977 -0.0215641 -0.221257 0.0647752 0.979653 0.189956 0.212659 -0.199535 0.956537 -0.406392 0.303238 0.861912
2286 5442 0.993993 0.0530456 0.0957341 -0.0582501 0.996925 0.052413 -0.0926594 -0.0576747 0.994026 -0.120008 -0.372019 -0.920435
2286 5446 0.993183 0.0529622 0.103835 -0.0619863 0.994391 0.0856985 -0.0987148 -0.0915507 0.990895 -0.207143 -0.346292 -0.914972
2286 5806 -0.104234 -0.962093 -0.252015 0.994454 -0.0972571 -0.040018 0.0139908 -0.254789 0.966895 -0.14095 -0.357162 -0.923346
2286 5814 -0.0622026 0.990035 0.126339 -0.997631 -0.0579491 -0.0370719 -0.0293812 -0.128346 0.991294 0.388014 -0.327829 -0.861379
2286 5936 0.985025 0.0522391 -0.16431 -0.0301063 0.990468 0.134416 0.169766 -0.127455 0.977208 0.363408 -0.38224 -0.849604
2286 5941 0.864805 0.0137679 -0.50192 0.132949 0.957667 0.25534 0.484188 -0.287549 0.826364 0.0163294 -0.438945 -0.898365
2318 2321 0.928522 -0.158736 0.335633 0.166756 0.985985 0.00498719 -0.331721 0.0513383 0.94198 -0.424849 -0.475824 0.770126
2318 2325 0.864942 -0.208183 -0.456657 0.0656028 0.949 -0.308377 0.497566 0.23677 0.834487 0.49656 -0.643219 -0.582836
2318 2327 0.929666 0.208318 -0.30385 -0.152522 0.96841 0.197278 0.335348 -0.137059 0.932071 -0.372676 0.24489 0.895065
1000 1270 0.990547 -0.0326809 0.133224 0.0367541 0.998926 -0.0282299 -0.132158 0.0328595 0.990684 -0.32185 0.14782 -0.93518
1000 1290 0.909736 -0.0520718 -0.411909 0.0306107 0.997816 -0.0585333 0.414057 0.040641 0.909344 -0.446913 0.0561984 -0.892811
1000 1292 0.998761 -0.0405241 -0.0288719 0.0374789 0.994364 -0.0991711 0.032728 0.0979662 0.994651 -0.501647 0.047541 -0.863765
1000 1368 0.997182 -0.0214806 -0.0718788 -0.00178768 0.951054 -0.309018 0.0749986 0.308276 0.948336 -0.640306 -0.0248949 -0.767716
1000 1398 0.997668 0.000485604 0.0682586 -0.0104387 0.989298 0.145535 -0.0674574 -0.145908 0.986996 -0.285086 0.0523036 -0.957074
1000 1479 0.891876 -0.0243393 -0.451626 0.0134611 0.999537 -0.0272845 0.452081 0.018255 0.891789 -0.476407 0.0436367 -0.878141
1000 1545 0.971786 0.022733 0.234765 0.00675375 0.992255 -0.124039 -0.235766 0.122125 0.964106 -0.380239 0.138568 -0.914449
1000 1789 0.996214 -0.00883984 0.0864859 0.00633532 0.999554 0.0291903 -0.0867054 -0.0285319 0.995825 0.0327249 0.0192909 -0.999278
1000 1827 0.919378 -0.124454 -0.373168 0.150782 0.987671 0.0420873 0.363329 -0.0949612 0.926809 -0.660724 0.0520906 -0.74882
1000 1829 0.94273 0.000627959 -0.333555 0.0297574 0.995852 0.0859785 0.332226 -0.0909803 0.938802 -0.7169 0.0398757 -0.696035
1000 1831 0.972147 -0.129893 0.195082 0.136167 0.990503 -0.0190439 -0.190756 0.0450772 0.980602 -0.614025 -0.00275787 -0.789282
1000 1832 0.973317 -0.144072 0.178599 0.144839 0.989416 0.00880967 -0.177978 0.0172935 0.983882 -0.676839 -0.0866401 -0.731014
1000 1833 0.906613 -0.169747 -0.386315 0.179493 0.983698 -0.0109993 0.381885 -0.059369 0.922301 -0.611727 0.0688054 -0.788071
1000 1891 0.992172 -0.0682902 -0.104553 0.0482574 0.981859 -0.183368 0.115179 0.176887 0.977469 -0.548392 0.0814626 -0.832244
1000 1902 0.987059 -0.143236 -0.0720976 0.148431 0.986244 0.0727365 0.0606873 -0.0824967 0.994742 -0.619495 0.0457468 -0.783666
1000 1944 0.984917 -0.038814 -0.16862 0.0356487 0.999127 -0.0217596 0.169317 0.0154204 0.985441 -0.520186 0.0449026 -0.852872
1000 2062 0.99953 -0.00869329 -0.0293999 0.0119923 0.993412 0.113967 0.0282155 -0.114266 0.993049 0.34633 0.104192 -0.932309
1000 2092 0.965473 -0.0793709 -0.248116 0.0311331 0.980783 -0.192601 0.258635 0.178227 0.949391 -0.417286 0.0243572 -0.908449
1000 2200 0.994635 0.00654602 -0.103244 -0.0314327 0.969936 -0.24132 0.0985601 0.24327 0.964938 -0.0677315 -0.00504683 -0.997691
1000 2238 0.984235 0.0247311 0.175129 -0.000633419 0.990662 -0.136338 -0.176865 0.134078 0.97506 -0.0208362 0.14699 -0.988918
1000 2272 0.995182 0.0606178 -0.0770544 -0.0530671 0.993915 0.0965228 0.0824365 -0.0919687 0.992344 -0.654443 0.113976 -0.747472
1000 2278 0.970689 -0.027528 -0.238759 0.0211512 0.999349 -0.0292293 0.239408 0.0233224 0.970639 -0.666432 0.067055 -0.742544
1000 2279 0.902244 0.103121 0.418715 0.00275726 0.969587 -0.24473 -0.431218 0.22196 0.87452 -0.583034 0.0660931 -0.809755
1000 2281 0.950103 -0.0935259 -0.297585 0.0102649 0.962852 -0.269835 0.311766 0.253316 0.915769 -0.675581 0.0828286 -0.732619
1000 2282 0.912579 -0.00283276 -0.408891 -0.207673 0.858195 -0.469439 0.352238 0.513316 0.782582 -0.531489 0.104564 -0.840587
1000 2283 0.873004 -0.0203207 -0.487289 -0.0984631 0.971215 -0.216903 0.47767 0.237337 0.845874 -0.634454 0.0904041 -0.767656
1000 2285 0.996613 0.0292707 0.0768502 -0.00021061 0.935416 -0.353549 -0.0822355 0.352335 0.932254 -0.481902 0.121471 -0.867764
1000 2286 0.994409 0.005541 0.105448 0.0272341 0.951379 -0.306818 -0.102022 0.307974 0.945909 -0.655962 0.0808951 -0.750447
1000 2287 0.986811 -0.0398052 0.156907 0.0721407 0.97586 -0.20614 -0.144914 0.214741 0.96586 -0.536357 0.0641463 -0.84155
1000 2296 0.969386 -0.0521516 0.239938 0.0447924 0.998346 0.0360269 -0.24142 -0.0241766 0.970119 0.319784 -0.00806274 -0.947456
1000 2361 0.96666 -0.00517047 -0.256011 0.00986098 0.999806 0.0170413 0.255874 -0.0189977 0.966524 -0.468852 0.110574 -0.876328
1000 2364 0.92065 0.124409 0.370034 -0.00990778 0.955003 -0.296431 -0.390262 0.269243 0.880456 -0.581401 0.0692115 -0.810668
1000 2365 0.942272 -0.0564543 -0.330054 0.0281143 0.995543 -0.0900198 0.333665 0.0755439 0.93966 -0.317476 0.152651 -0.935899
1000 2367 0.919184 -0.124028 -0.373789 0.0167034 0.960539 -0.277643 0.393474 0.248961 0.884984 -0.532316 0.0695291 -0.843686
1000 2370 0.962684 -0.0291736 0.269051 0.0212189 0.999249 0.0324272 -0.269794 -0.0255081 0.96258 -0.544662 0.0565859 -0.836745
1000 2445 0.99234 0.00784877 0.12329 0.0219242 0.97095 -0.238275 -0.121579 0.239153 0.96334 -0.267442 0.0910483 -0.959263
1000 2868 0.937224 -0.151132 -0.314279 0.0153875 0.918256 -0.395689 0.34839 0.366013 0.862936 -0.185372 -0.0153472 -0.982549
1000 3208 0.823077 0.0879314 0.561081 0.0795993 0.960329 -0.267269 -0.562323 0.264645 0.783426 0.498353 -0.0271949 -0.866548
1000 3556 0.968039 0.0143003 0.250393 0.0254881 0.987595 -0.154942 -0.249502 0.156372 0.955665 -0.00807905 -0.0132779 -0.999879
1000 4833 0.973897 -0.0878648 -0.209294 0.0460497 0.979349 -0.196864 0.222269 0.182088 0.957831 -0.467316 0.0549322 -0.882382
1000 5109 0.998456 -0.0543984 0.0112011 0.0554597 0.965721 -0.253589 0.00297763 0.253819 0.967247 -0.348025 0.0144682 -0.937374
1000 5446 0.631087 0.129291 0.764861 -0.0118639 0.987506 -0.157137 -0.775621 0.090093 0.624736 0.406573 0.0861289 -0.909549
1000 5806 -0.0886332 -0.981826 -0.167813 0.939233 -0.0262871 -0.342273 0.331642 -0.187952 0.924493 -0.363757 -0.00169598 -0.931492
1000 5941 0.926733 -0.00419491 -0.375697 -0.00273593 0.999836 -0.0179125 0.375711 0.0176281 0.926569 -0.307488 0.0133413 -0.951458
5592 5593 0.983745 -0.0270832 -0.177516 0.0058767 0.992887 -0.118916 0.179474 0.11594 0.976907 0.640735 0.767736 0.00629764
5592 5594 0.97829 -0.0281051 -0.205325 0.00547525 0.993921 -0.109962 0.207168 0.10645 0.972497 0.363713 0.922718 0.127688
5592 5595 0.985964 -0.0219 -0.165514 0.0045858 0.994538 -0.104274 0.166894 0.102052 0.980679 0.410128 0.909392 0.0692947
5592 5597 0.907363 0.0268785 -0.419488 -0.031392 0.9995 -0.00385907 0.419175 0.0166702 0.907753 -0.662283 0.0757644 0.745414
5592 5598 0.998149 -0.0313076 -0.0521441 0.0200431 0.978768 -0.20399 0.0574234 0.202566 0.977583 -0.00913942 -0.999007 -0.0436094
5592 5599 0.997899 -0.028686 -0.0581003 0.017085 0.981419 -0.191117 0.0625031 0.189723 0.979846 -0.0367297 -0.96135 -0.272868
5592 5600 0.999194 -0.025585 -0.0309349 0.0194131 0.982452 -0.185505 0.0351382 0.184754 0.982156 0.00953007 -0.996187 -0.0867199
5592 5601 0.999794 -0.0127808 -0.0157758 0.00962789 0.982534 -0.185835 0.0178754 0.185645 0.982454 0.00459001 -0.997014 -0.0770899
5592 5603 0.998487 -0.00601942 -0.0546549 0.00197699 0.997277 -0.0737177 0.0549498 0.0734981 0.99578 0.404521 0.570854 0.714485
5592 5604 0.989617 -0.0228289 -0.141902 0.0086174 0.994953 -0.0999687 0.143468 0.097708 0.98482 0.369378 0.922261 0.113996
5592 5711 0.998796 0.00144541 -0.0490272 0.00138615 0.998335 0.0576716 0.049029 -0.0576702 0.997131 0.0438706 -0.0311613 -0.998551
1250 1445 0.785346 -0.0163304 -0.618842 -0.0152198 0.998841 -0.0456728 0.618871 0.0452876 0.784186 0.783317 0.566879 -0.255073
1250 1446 0.943048 -0.0440655 -0.329725 0.0219174 0.997264 -0.0705914 0.331934 0.0593444 0.941434 0.990166 0.134887 -0.0371001
1250 1447 0.801264 -0.0280725 -0.597653 0.0043462 0.999145 -0.0411042 0.598296 0.0303378 0.800701 0.93236 -0.0343103 0.3599
1250 1455 0.950207 -0.0231204 0.31076 0.0199947 0.999713 0.0132407 -0.310977 -0.00636785 0.950396 -0.797506 -0.124164 0.590396
1250 1506 0.998328 -0.0195552 0.0544036 0.0155818 0.997245 0.0725229 -0.0556719 -0.0715539 0.995882 -0.866864 0.34281 0.361977
1250 2328 0.98805 -0.000790728 0.154133 0.00868919 0.998682 -0.0505776 -0.15389 0.0513125 0.986755 -0.846356 0.00117015 -0.532617
1250 4834 0.974962 0.0209141 0.221386 0.0128347 0.988616 -0.149917 -0.222001 0.149005 0.963593 0.381773 -0.049002 -0.922956
1875 1891 0.977953 0.037715 -0.205391 -0.0784409 0.977875 -0.193927 0.193533 0.205763 0.959274 0.487707 0.0437126 0.871912
1875 1902 0.992886 -0.0318892 -0.114723 0.0364985 0.998599 0.0383031 0.113341 -0.0422179 0.992659 0.319121 -0.103241 0.942074
1875 1906 0.849897 -0.0191685 -0.5266 -0.0521808 0.991365 -0.120302 0.524359 0.129723 0.841558 0.502198 0.0446902 0.863597
1875 1907 0.990745 0.0578327 -0.122798 -0.0587469 0.998265 -0.00383442 0.122363 0.011013 0.992424 0.545825 0.104685 0.831334
1875 1908 0.988819 -0.125788 -0.0800825 0.0947351 0.94466 -0.314073 0.115158 0.302975 0.946016 0.286688 0.02197 0.957772
1875 1909 0.852297 -0.00725206 0.523009 -0.0188917 0.998825 0.0446359 -0.522718 -0.0479235 0.851158 0.285902 0.256728 0.923228
1875 1911 0.940016 -0.0260238 -0.340134 -0.0362237 0.983833 -0.175384 0.3392 0.177184 0.923877 0.372155 0.00212602 0.928168
1875 1912 0.968138 -0.0167533 0.249854 0.00629698 0.999073 0.0425906 -0.250336 -0.0396603 0.967346 0.277119 -0.0307316 0.960344
1875 1918 0.841077 0.22406 0.492328 -0.124265 0.965869 -0.227278 -0.526448 0.129978 0.840213 0.403047 -0.0821983 0.91148
1875 1919 0.974045 0.0574157 0.218951 -0.00432983 0.971844 -0.235585 -0.226313 0.228523 0.946868 0.405816 -0.0695141 0.911307
1875 1920 0.976215 0.0688569 -0.205578 -0.0788219 0.996059 -0.0406737 0.201968 0.0559105 0.977795 0.361994 -0.145699 0.920724
1875 1921 0.998425 0.0484153 -0.0283395 -0.0540492 0.965498 -0.254739 0.0150284 0.25587 0.966594 0.435207 -0.00810912 0.900294
1875 1925 0.811998 0.154723 0.562779 -0.0923856 0.986139 -0.137819 -0.576302 0.0599161 0.815037 0.387495 -0.100626 0.916364
1875 1927 0.86214 -0.113101 -0.493885 -0.0386971 0.957221 -0.286757 0.50519 0.266337 0.820882 0.621651 -0.0394103 0.782302
1875 1943 0.977967 0.208751 -0.00181353 -0.205724 0.962233 -0.178284 -0.0354721 0.174729 0.983978 -0.23549 -0.0340129 0.971281
1875 1944 0.965972 0.0664414 -0.249967 -0.079026 0.996044 -0.0406387 0.246278 0.0590097 0.967401 -0.242204 -0.0223063 0.969969
1875 1945 0.942797 0.123485 -0.309655 -0.136292 0.990467 -0.0199802 0.304235 0.0610405 0.950639 0.908491 -0.126234 0.398383
1875 2058 0.913405 0.278782 0.296601 -0.0466127 0.795498 -0.60416 -0.404375 0.538018 0.739607 0.462231 -0.09509 0.881646
1875 2064 0.916388 0.102836 -0.386855 -0.25886 0.889404 -0.376765 0.305326 0.445406 0.84166 -0.894657 -0.445088 0.0385294
1875 2092 0.929053 0.0274383 -0.368927 -0.099484 0.979041 -0.177712 0.356319 0.201806 0.912311 0.875029 -0.0130601 -0.483894
1875 2200 0.967174 0.106408 -0.230761 -0.161393 0.958653 -0.234386 0.19628 0.263936 0.944358 0.68209 -0.0451124 -0.729876
1875 2207 0.987055 0.0466956 0.153436 -0.0431753 0.998724 -0.0261978 -0.154464 0.019234 0.987811 -0.252224 0.0505321 0.966349
1875 2237 0.99939 0.033409 -0.0101983 -0.0347788 0.978902 -0.201348 0.0032563 0.20158 0.979467 0.985463 -0.145732 0.0873255
1875 2238 0.991187 0.0522161 0.121748 -0.0213099 0.969919 -0.242495 -0.130748 0.237763 0.962483 0.987283 -0.141726 0.0720181
1875 2244 0.982137 0.165955 0.0886912 -0.175025 0.978759 0.106757 -0.0690905 -0.120373 0.990322 0.996466 -0.0702779 0.0460071
1875 2265 0.908672 0.175713 0.378735 -0.0441335 0.942469 -0.331369 -0.415171 0.284391 0.86415 0.420213 -0.180232 0.889346
1875 2266 0.868017 0.203751 0.452805 -0.0198507 0.925441 -0.378371 -0.496138 0.319444 0.807343 0.15628 -0.40505 0.900839
1875 2267 0.959367 0.182558 0.215143 -0.0921784 0.923431 -0.372531 -0.266679 0.337562 0.902737 -0.888342 -0.306346 -0.342054
1875 2272 0.982689 0.163446 -0.0872264 -0.158103 0.985278 0.0650412 0.0965729 -0.0501245 0.994063 0.539456 -0.0738082 0.838772
1875 2279 0.917453 0.21548 0.334437 -0.0939998 0.93423 -0.344063 -0.38658 0.284224 0.877367 0.40313 -0.128725 0.906044
1875 2281 0.924524 0.00509996 -0.38109 -0.121183 0.951953 -0.281248 0.361345 0.306203 0.880721 0.425148 -0.140422 0.894165
1875 2282 0.834993 0.0559856 -0.547406 -0.349203 0.822733 -0.448518 0.425258 0.565664 0.706526 0.633361 -0.0294294 0.773297
1875 2283 0.855558 0.0739608 -0.512397 -0.199413 0.960453 -0.19433 0.47776 0.268438 0.836472 0.648228 -0.0171822 0.761252
1875 2284 0.9847 0.106833 -0.137668 -0.0983887 0.992906 0.066765 0.143824 -0.0521985 0.988226 0.97195 0.146667 0.183851
1875 2285 0.99433 0.102727 -0.0274615 -0.105213 0.913061 -0.394018 -0.0154024 0.394673 0.918692 0.523317 -0.0584983 0.850128
1875 2286 0.996041 0.0873072 -0.0167147 -0.0872968 0.925241 -0.369199 -0.0167687 0.369197 0.9292 0.554127 -0.0557151 0.830566
1875 2287 0.995485 0.0734377 0.0601352 -0.0553789 0.963913 -0.260393 -0.0770878 0.255887 0.963628 0.541241 -0.0428942 0.839773
1875 2291 0.829029 -0.136181 -0.54237 -0.187983 0.845583 -0.499651 0.526663 0.516181 0.675412 0.664436 -0.0726716 0.743803
1875 2292 0.884918 -0.0826436 -0.458356 -0.134656 0.896705 -0.421649 0.445857 0.434845 0.782382 0.639835 -0.0611181 0.766079
1875 2296 0.962527 0.0275435 0.269784 -0.0220804 0.999485 -0.0232641 -0.270286 0.0164354 0.96264 0.979254 -0.127275 0.157679
1875 2333 0.751935 0.177298 0.634948 -0.0475546 0.975234 -0.216001 -0.657519 0.132224 0.741745 0.964735 -0.109771 0.239242
1875 2351 0.892677 0.175858 0.414971 -0.0276155 0.940346 -0.339096 -0.449849 0.291244 0.844282 0.552981 -0.109288 0.825995
1875 2361 0.958449 0.0941828 -0.269266 -0.101789 0.994702 -0.0143913 0.266484 0.0412016 0.962958 0.542688 -0.1038 0.833496
1875 2364 0.933433 0.234672 0.271351 -0.114089 0.911289 -0.395647 -0.340127 0.338352 0.8774 0.420834 -0.118333 0.899386
1875 2365 0.908922 0.0525953 -0.413637 -0.0973995 0.99135 -0.0879709 0.405432 0.120246 0.906181 0.588446 -0.0359324 0.807738
1875 2367 0.88802 -0.0245139 -0.459149 -0.107724 0.959694 -0.259583 0.447006 0.279976 0.849588 0.627821 -0.0613085 0.77594
1875 2368 0.986773 0.158477 0.0341058 -0.155055 0.984104 -0.0865981 -0.0472873 0.0801644 0.995659 0.596874 -0.062534 0.799894
1875 2370 0.973212 0.0776992 0.216385 -0.073803 0.996933 -0.026041 -0.217745 0.00937353 0.975961 0.59199 -0.0954465 0.800274
1875 2408 0.997628 0.065459 0.0212872 -0.0640098 0.99597 -0.0628153 -0.0253133 0.0613037 0.997798 0.95968 -0.0781567 0.27001
1875 2411 0.697034 0.290502 0.655555 -0.125034 0.94949 -0.28781 -0.706052 0.118647 0.69815 0.87363 -0.148402 0.463408
1875 2412 0.955991 0.0681381 0.285373 -0.0594389 0.997468 -0.0390457 -0.287311 0.020365 0.957621 0.925762 -0.122498 0.357714
1875 2445 0.987042 0.159391 -0.018507 -0.158981 0.955775 -0.247425 -0.0217489 0.247161 0.96873 0.749088 0.234134 0.619716
1875 2839 0.882645 0.354782 0.308329 -0.141232 0.825828 -0.545951 -0.44832 0.438335 0.77902 0.492993 -0.0179614 -0.869848
1875 2868 0.91221 -0.0837449 -0.401073 -0.100566 0.90318 -0.417316 0.397189 0.421014 0.815468 0.466773 -0.0601815 -0.882327
1875 3088 0.906468 -0.207177 -0.36796 0.0203846 0.891827 -0.451918 0.421783 0.402148 0.812635 0.0258732 -0.01674 -0.999525
1875 3189 0.987156 -0.00121945 -0.159754 -0.0884884 0.828393 -0.553114 0.133013 0.560146 0.817645 -0.0881408 -0.995604 -0.0316925
1875 3208 0.996547 0.0666146 -0.0495735 -0.0730743 0.987083 -0.142573 0.0394357 0.145703 0.988542 0.732285 0.52111 0.43841
1875 3556 0.984808 0.173477 -0.00771217 -0.172034 0.968654 -0.179203 -0.0236171 0.177807 0.983782 0.949265 -0.0921225 -0.300683
1875 3946 0.887743 0.0680822 -0.455276 -0.0387139 0.996541 0.0735348 0.458708 -0.0476545 0.887308 -0.59292 0.795818 -0.12296
1875 4284 0.986641 0.120927 0.109158 -0.0959398 0.972858 -0.210579 -0.13166 0.197293 0.971463 0.0570486 0.934711 0.350799
1875 4617 0.926176 0.159548 0.341676 -0.0201984 0.925771 -0.377544 -0.37655 0.342771 0.860649 0.61513 -0.32729 0.717283
1875 4833 0.976054 0.0209161 -0.216519 -0.0615243 0.981269 -0.182555 0.208645 0.191505 0.959059 0.982496 0.137747 0.125409
1875 4886 0.832095 -0.358901 -0.422857 0.0201598 0.781476 -0.62361 0.554267 0.510378 0.657497 0.945902 -0.206693 0.250096
1875 4907 0.725923 0.586849 0.35867 -0.522239 0.809665 -0.267786 -0.447553 0.00708067 0.894229 0.941491 -0.219039 0.256157
1875 5109 0.999618 0.0270027 -0.0060089 -0.0275812 0.956148 -0.291583 -0.00212814 0.291637 0.956527 0.922231 -0.126073 -0.365509
1875 5323 0.972089 0.0620234 -0.226266 -0.0877326 0.990553 -0.105391 0.217592 0.1223 0.968348 -0.0412202 0.0740256 0.996404
1875 5442 0.990304 0.114276 0.0789845 -0.0850223 0.948248 -0.305934 -0.109858 0.296252 0.948771 0.154076 -0.0619398 -0.986116
1875 5446 0.988277 0.111477 0.104314 -0.0766709 0.953242 -0.292319 -0.132023 0.280895 0.950615 0.283657 -0.241196 -0.928097
1875 5806 -0.0248489 -0.965108 -0.260671 0.928784 0.0741652 -0.363127 0.36979 -0.25113 0.894533 0.069391 -0.0712799 -0.99504
1875 5814 -0.155701 0.983068 0.0966172 -0.911018 -0.1051 -0.398749 -0.381843 -0.150105 0.911957 0.71416 -0.0563663 -0.69771
1875 5936 0.962279 0.167496 -0.214395 -0.203471 0.966179 -0.158422 0.180608 0.196069 0.963814 0.796256 -0.0450691 -0.603278
5217 5224 0.966235 -0.122812 -0.226509 0.132081 0.990893 0.0261676 0.221232 -0.0552015 0.973658 0.920642 0.140378 0.364296
5217 5290 0.940058 -0.0964737 -0.327083 0.142415 0.982567 0.119501 0.309852 -0.158919 0.937409 0.931079 0.18111 0.316688
5217 5291 0.892773 -0.0578244 -0.44678 0.112417 0.98895 0.0966424 0.436255 -0.136505 0.889408 0.902465 0.150726 0.403533
1705 1717 0.954013 -0.157719 0.254922 0.124656 0.982113 0.14112 -0.272619 -0.102853 0.956609 0.995383 -0.0664107 -0.0692987
1705 1742 0.977647 -0.119687 -0.172864 0.1399 0.98405 0.109883 0.156955 -0.131611 0.978797 0.0995253 -0.105324 -0.989445
1705 1749 0.918796 0.0635287 -0.389586 0.0149142 0.980672 0.195089 0.39445 -0.185057 0.900091 0.891577 -0.0100766 -0.452758
1705 1757 0.9819 0.185389 -0.0387713 -0.171387 0.956831 0.234737 0.0806153 -0.223844 0.971285 0.962144 0.0583089 -0.26623
1705 1764 0.950485 -0.0635453 -0.304204 0.0896799 0.993313 0.0727115 0.297549 -0.0963921 0.949827 0.989747 -0.0494765 -0.133988
1705 1765 0.995324 -0.0292927 -0.0920405 0.0417367 0.989784 0.136332 0.0871066 -0.139536 0.986378 0.959905 -0.0487216 0.276059
1705 1766 0.954358 -0.0466161 -0.295004 0.0898745 0.986786 0.13482 0.284821 -0.15518 0.945937 0.87884 -0.0439136 0.475091
1705 1767 0.74917 0.0691198 -0.658762 0.0628736 0.982629 0.174604 0.659387 -0.172226 0.731811 -0.772545 0.0467541 0.633236
1705 1774 0.994012 -0.0821079 -0.0720927 0.09266 0.983093 0.157928 0.0579068 -0.163662 0.984815 0.440156 0.131219 0.888281
1705 1776 0.945864 -0.0640577 -0.318178 0.103597 0.988636 0.10893 0.307584 -0.135996 0.941752 0.95644 -0.115616 0.26806
1705 1779 0.998062 -0.0615451 -0.00918675 0.0614124 0.998013 -0.0140971 0.0100361 0.0135056 0.999858 0.764703 -0.614763 0.193122
1705 1786 0.995152 -0.0975857 0.0122274 0.0948301 0.985062 0.143736 -0.0260713 -0.141879 0.98954 0.98084 -0.0413079 -0.190384
