1947 1949 0.95509 -0.0809042 -0.285058 0.0308682 0.983936 -0.175833 0.294704 0.159138 0.942245 -0.898733 -0.025168 -0.437774
1947 1950 0.93762 -0.0849948 -0.337113 0.024716 0.983498 -0.179222 0.346783 0.15971 0.924248 -0.893313 -0.0209783 -0.448946
1947 1951 0.952118 -0.0947064 -0.290692 0.0423702 0.982511 -0.181321 0.302781 0.160322 0.939479 -0.890164 -0.0291635 -0.454705
1947 1956 0.966495 0.10283 -0.235186 -0.0938744 0.994378 0.0489954 0.238902 -0.0252758 0.970715 -0.249181 -0.0167751 0.968312
1947 1958 0.97962 0.06182 0.191108 -0.0700147 0.996881 0.0364224 -0.188261 -0.0490605 0.980893 0.971408 -0.00535955 0.237355
1947 2196 0.930142 0.020498 0.366629 -0.030538 0.9993 0.021605 -0.365929 -0.0312918 0.930116 0.942965 0.014561 0.332574
1947 2211 0.952484 -0.0144092 0.304246 0.00248871 0.999215 0.039532 -0.304577 -0.0368964 0.951773 0.906076 0.0474488 0.420446
2158 2166 0.996396 -0.00263834 -0.0847881 -0.00717342 0.993316 -0.115208 0.0845253 0.115401 0.989716 -0.959789 0.0518002 -0.2759
2158 2181 0.565168 -0.0655187 -0.822371 -0.0286899 0.994677 -0.0989634 0.824478 0.0795247 0.56028 -0.99736 0.0038625 -0.0725147
2158 2183 0.989502 0.0340428 0.140449 -0.025645 0.997798 -0.0611755 -0.142222 0.0569315 0.988196 0.994716 -0.00878843 0.10229
2158 2195 0.998412 0.0319116 0.0464237 -0.0352068 0.996784 0.0719864 -0.0439772 -0.0735065 0.996325 0.183709 0.30337 0.934996
2158 2196 0.999289 0.0256643 0.0276139 -0.0263457 0.99935 0.0245994 -0.0269647 -0.0253094 0.999316 0.142043 0.251989 0.957249
2158 2198 0.89664 -0.442658 -0.00950436 0.427642 0.860264 0.277611 -0.114711 -0.252982 0.960647 0.797476 0.41001 0.442633
2158 2211 0.989772 0.0620151 0.128476 -0.0682929 0.996648 0.0450447 -0.125252 -0.053358 0.990689 0.182007 0.290503 0.939405
2158 2213 0.919067 -0.24462 -0.308993 0.239882 0.969307 -0.0538637 0.312685 -0.0246175 0.949538 -0.871294 -0.210709 -0.443225
2158 2229 0.955214 0.0536228 0.291017 -0.0630978 0.997736 0.0232654 -0.28911 -0.0405859 0.956435 0.997196 -0.0124319 0.0738007
2158 2248 0.893138 0.173227 0.415088 -0.12799 0.98259 -0.134666 -0.431189 0.067149 0.89976 0.999663 0.0153811 -0.0209065
2158 2249 0.866875 -0.0694666 -0.493663 0.0216462 0.994555 -0.10194 0.498056 0.077683 0.863659 -0.990032 0.0205925 -0.139329
2158 2255 0.774357 0.166016 0.610581 -0.121103 0.986013 -0.114509 -0.621052 0.0147284 0.783631 0.994906 -0.0117899 0.100118
2158 2257 0.999506 -0.000325573 -0.0314415 -0.00329753 0.993347 -0.115112 0.0312699 0.115159 0.992855 -0.627989 -0.184408 -0.756058
2158 2260 0.898523 0.155982 0.410275 -0.116841 0.985998 -0.118977 -0.423089 0.0589667 0.904167 0.997583 -0.0074144 0.0690888
2158 2261 0.920286 0.129209 0.369295 -0.0805256 0.986238 -0.144396 -0.38287 0.103147 0.918025 0.990028 -0.0280133 0.138057
2158 2264 0.920705 -0.0875338 -0.380316 0.00545791 0.977314 -0.211726 0.390222 0.192861 0.900295 -0.999588 -0.00250214 -0.0285864
2158 2269 0.981858 -0.166887 0.0900226 0.187615 0.923858 -0.333598 -0.0274951 0.344436 0.938408 -0.967917 -0.0655404 0.242572
2158 2270 0.925138 -0.147495 0.349806 0.265401 0.910133 -0.318151 -0.271444 0.387173 0.881144 0.957942 0.0745945 -0.277096
2158 2271 0.787135 -0.261584 -0.558562 0.0641088 0.935403 -0.347723 0.613439 0.237897 0.753059 -0.941509 0.0646937 -0.330719
2158 2359 0.617752 0.310407 0.722516 -0.14338 0.947855 -0.284626 -0.773191 0.0722341 0.630045 0.68818 0.171439 -0.704994
2158 2364 0.932468 0.10315 0.346213 -0.132179 0.989332 0.0612432 -0.336203 -0.10287 0.936155 0.974201 0.00647201 0.225589
2158 2372 0.825805 0.190416 0.530838 -0.142986 0.981212 -0.129532 -0.545529 0.0310652 0.837516 0.999445 0.0171522 -0.0285714
2158 2420 0.7409 -0.267314 -0.616125 0.14018 0.958723 -0.247386 0.656823 0.0969202 0.74779 -0.972245 0.0431625 -0.229947
2158 2421 0.98698 0.0309013 0.157844 -0.0263771 0.999181 -0.0306777 -0.158663 0.0261148 0.986987 0.384801 0.244282 0.890087
2158 2449 0.972077 -0.0648843 -0.225513 0.0221037 0.982058 -0.187278 0.233618 0.177064 0.956071 0.964163 0.0102533 0.265113
2158 2466 0.925481 0.0388996 -0.376792 0.0192428 0.988601 0.149326 0.378305 -0.145449 0.914182 -0.96031 0.0584787 0.272735
2158 2477 0.999753 0.0205036 0.00856734 -0.0205471 0.999776 0.00503238 -0.00846224 -0.00520718 0.999951 0.590016 0.305435 0.747389
2158 2479 0.803268 -0.179058 -0.568066 0.122413 0.983013 -0.136754 0.582903 0.0403119 0.811541 -0.975613 0.04078 -0.215675
2158 2480 0.995801 1.33252e-06 -0.091545 -0.00765151 0.996502 -0.0832165 0.0912247 0.0835676 0.992318 -0.795865 0.115329 -0.594389
2158 2481 0.752275 -0.184619 -0.632454 0.107868 0.981497 -0.158204 0.649959 0.0507906 0.75827 -0.981618 0.034473 -0.187716
2158 2492 0.979621 0.0219273 -0.199652 -0.00557714 0.996609 0.0820898 0.200775 -0.0793035 0.976422 -0.486775 0.261111 0.833589
2158 2500 0.886052 0.0194878 0.463175 -0.0307268 0.999388 0.0167316 -0.462566 -0.029057 0.886109 0.987767 -0.0224213 0.154314
2158 2505 0.931815 -0.0668128 -0.356731 0.0385991 0.995578 -0.0856388 0.360875 0.06603 0.930274 -0.995898 0.00953207 -0.08998
2158 2508 0.964963 -0.0683504 -0.253328 0.00969798 0.974106 -0.225883 0.262208 0.215512 0.940639 -0.759404 -0.0681486 -0.64704
2158 2513 0.848221 0.158052 0.50551 -0.173322 0.984718 -0.0170562 -0.500482 -0.0731485 0.862651 0.999683 0.00472138 0.0247181
2158 2514 0.994915 0.0441353 -0.0905373 -0.0485706 0.997695 -0.0473832 0.0882374 0.0515397 0.994765 -0.0876527 -0.143121 -0.985816
1875 1886 0.86573 0.26294 0.42588 -0.331107 0.938965 0.0933525 -0.37534 -0.22183 0.89995 0.996407 0.00290334 0.0846417
1875 1952 0.937082 -0.00398866 0.349087 0.000501371 0.999949 0.0100795 -0.34911 -0.0092703 0.937036 0.643487 -0.0213728 0.765158
1875 1953 0.951453 0.00775467 0.307698 -0.0144039 0.999709 0.0193444 -0.307458 -0.0228374 0.951288 0.630893 -0.0146136 0.775732
1875 1954 0.960809 -0.000821941 0.277211 -0.0036082 0.999874 0.0154706 -0.277189 -0.0158645 0.960685 0.583724 -0.0218171 0.811659
1875 1955 0.999627 -0.0203526 -0.0181844 0.015841 0.975215 -0.22069 0.0222253 0.220319 0.975175 -0.0598192 -0.0994749 -0.99324
1875 1956 0.948777 -0.000130376 0.315947 -0.0025386 0.999964 0.00803596 -0.315936 -0.00842639 0.948743 0.623154 -0.00116577 0.782098
1875 1957 0.963663 0.00584508 0.267059 -0.0084057 0.999929 0.00844604 -0.26699 -0.010384 0.963643 0.525946 -0.000845921 0.850517
1875 1958 0.992218 0.0144924 0.123665 -0.049647 0.956882 0.286202 -0.114186 -0.290114 0.950156 0.223599 0.433208 0.873117
1875 1998 0.980368 -0.0629342 -0.186863 0.061379 0.998015 -0.0141026 0.187379 0.00235636 0.982285 -0.939207 -0.0187557 0.34284
1875 1999 0.977891 -0.0953746 -0.186102 0.0940313 0.99544 -0.0160527 0.186784 -0.00180158 0.982399 -0.932992 -0.0180519 0.359444
1875 2072 0.787353 -0.143932 -0.599466 0.202598 0.978768 0.0310955 0.582262 -0.145934 0.799796 -0.998256 -0.0047377 0.0588497
1875 2073 0.690125 -0.125331 -0.712755 0.328974 0.931578 0.15472 0.644595 -0.341254 0.684136 -0.988856 0.0888942 0.119418
1875 2150 0.675507 -0.212487 -0.706073 0.372381 0.924801 0.0779492 0.636414 -0.315583 0.703836 -0.996368 -0.00607968 0.0849297
1875 2155 0.999339 0.0363176 -0.00148816 -0.0342584 0.954778 0.295338 0.0121469 -0.295092 0.955392 -0.389909 0.475105 0.788826
1875 2158 0.999975 0.00703238 0.000802341 -0.00702952 0.973479 0.22867 0.000827026 -0.22867 0.973504 -0.188817 -0.0120333 0.981939
1875 2166 0.995127 0.0102241 -0.098068 0.00341247 0.990442 0.137887 0.0985404 -0.137549 0.985581 -0.769132 0.340144 0.541052
1875 2183 0.994091 0.0512562 0.0956916 -0.0705275 0.975071 0.210388 -0.0825224 -0.215893 0.972924 0.865654 0.215157 0.452052
1875 2195 0.998055 0.0550696 0.0292286 -0.0612924 0.952493 0.298329 -0.0114112 -0.29954 0.954015 0.0959284 0.473617 0.875491
1875 2196 0.998253 0.0523215 0.027434 -0.0579551 0.957388 0.282929 -0.0114616 -0.284025 0.958748 0.0875593 0.483817 0.870778
1875 2211 0.991574 0.0861449 0.0967469 -0.107882 0.962577 0.248611 -0.0717098 -0.256953 0.96376 0.06447 0.470593 0.879992
1875 2213 0.688864 0.106748 0.716987 -0.321143 0.931678 0.169834 -0.649872 -0.347248 0.676081 0.999343 0.00226657 0.0361695
1875 2229 0.984399 0.0957406 0.147624 -0.127573 0.966184 0.224084 -0.121178 -0.239421 0.963324 0.662987 0.0136981 0.748506
1875 2248 0.906144 0.183907 0.380894 -0.224531 0.972317 0.0646942 -0.358453 -0.144145 0.922352 0.991774 0.0041957 0.12793
1875 2249 0.859792 -0.0582755 -0.507309 0.117499 0.989387 0.085484 0.496944 -0.133106 0.857514 -0.998438 -0.00348355 -0.0557691
1875 2255 0.813434 0.195272 0.547901 -0.258708 0.965122 0.0401177 -0.520957 -0.174379 0.83558 0.943291 -0.00419307 0.33194
1875 2257 0.998067 0.0208411 -0.0585543 -0.0119388 0.988847 0.148457 0.0609952 -0.147471 0.987184 -0.998594 -0.00520699 -0.0527604
1875 2260 0.892685 0.16305 0.420152 -0.220442 0.971098 0.0915098 -0.393088 -0.174309 0.902828 0.996733 0.0032977 0.0806979
1875 2261 0.923512 0.138297 0.357769 -0.179358 0.980184 0.0840848 -0.339051 -0.141822 0.930017 0.993066 0.003274 0.117509
1875 2264 0.912044 -0.079521 -0.402309 0.0911086 0.995794 0.00971512 0.399844 -0.0455144 0.915452 -0.997049 -0.00326508 -0.0767031
1875 2269 0.908196 -0.196605 -0.369495 0.157234 0.97841 -0.134131 0.387889 0.0637202 0.919501 -0.994688 -0.002275 -0.10291
1875 2270 0.856289 -0.208766 -0.472425 0.168627 0.97755 -0.12634 0.488195 0.0285201 0.872269 -0.982171 0.00207889 -0.187976
1875 2359 0.849317 0.331168 0.411081 -0.239912 0.935821 -0.258229 -0.470216 0.120695 0.874259 0.45161 -0.288817 -0.844176
1875 2360 0.962729 0.0898602 -0.255103 -0.0605159 0.990849 0.120647 0.26361 -0.100713 0.959357 -0.174572 -0.0675056 0.982328
1875 2364 0.938591 0.120247 0.323401 -0.22122 0.929025 0.296606 -0.264781 -0.349934 0.898575 0.868938 0.161156 0.467948
1875 2372 0.846233 0.207475 0.490758 -0.26242 0.963904 0.044997 -0.463707 -0.166863 0.870133 0.992888 0.00242514 0.119025
1875 2420 0.760036 -0.265839 -0.593022 0.268841 0.959381 -0.0855148 0.591667 -0.0944341 0.800633 -0.999514 -0.00578174 -0.030631
1875 2421 0.98832 0.0522685 0.143148 -0.0829204 0.972558 0.217383 -0.127857 -0.226713 0.965533 0.2788 0.464389 0.840603
1875 2466 0.955194 0.110699 0.274501 0.00413368 0.922346 -0.386342 -0.295952 0.370166 0.880562 0.436464 0.0780236 -0.896332
1875 2477 0.993626 0.0529603 -0.0995069 -0.0262297 0.967155 0.25283 0.109629 -0.248609 0.96238 -0.515166 0.32801 0.791842
1875 2478 0.924621 -0.155436 -0.34773 -0.0167693 0.895445 -0.444856 0.38052 0.417155 0.82534 -0.600555 -0.305599 -0.738879
1875 2479 0.778738 -0.163622 -0.605635 0.239122 0.969926 0.0454253 0.579989 -0.180195 0.794445 -0.99456 -0.00554437 -0.104014
1875 2480 0.994891 0.0130552 -0.100111 0.00429373 0.985235 0.171152 0.100868 -0.170707 0.980145 -0.809479 0.384951 0.443347
1875 2481 0.780751 -0.18487 -0.596868 0.242917 0.969892 0.0173477 0.57569 -0.158534 0.802152 -0.995087 -0.00236555 -0.0989718
1875 2492 0.975709 0.0325767 -0.216637 0.0383307 0.948241 0.315228 0.215693 -0.315875 0.923959 -0.497703 0.438922 0.74809
1875 2505 0.933056 -0.0527482 -0.355843 0.117953 0.979365 0.16411 0.339843 -0.195097 0.920024 -0.975926 0.109068 0.188873
1875 2508 0.967698 -0.0563333 -0.24574 0.0686857 0.996755 0.0419808 0.242577 -0.0575035 0.968426 -0.970999 -0.00402705 -0.23905
1875 2513 0.864873 0.168174 0.472982 -0.282991 0.941565 0.182681 -0.414621 -0.291845 0.861926 0.994326 0.00110291 0.106368
1875 2514 0.995559 0.0491571 -0.0802891 -0.0233826 0.955239 0.29491 0.0911923 -0.291723 0.952146 -0.204132 -0.259662 -0.943878
2421 2466 0.774646 0.0527325 -0.630194 0.0990732 0.974093 0.203292 0.624588 -0.219914 0.749352 -0.64036 -0.154737 -0.752327
2421 2477 0.988527 -0.00368412 -0.151002 0.0090942 0.999341 0.0351531 0.150773 -0.0361231 0.987908 -0.210588 -0.273073 -0.93866
2421 2479 0.68979 -0.217187 -0.690666 0.144674 0.976055 -0.16244 0.709408 0.012128 0.704694 -0.560948 -0.171909 -0.809806
2421 2480 0.98033 -0.0514485 -0.190539 0.0437804 0.998061 -0.0442404 0.192445 0.0350283 0.980682 -0.225954 -0.251324 -0.941159
2421 2481 0.682109 -0.235492 -0.692294 0.161353 0.971862 -0.171611 0.713227 0.00535388 0.700913 -0.604074 -0.168784 -0.778849
2421 2492 0.935156 -0.00464344 -0.354205 0.0393073 0.995099 0.0907322 0.352048 -0.0987717 0.930756 -0.975455 -0.0279092 -0.218421
2421 2505 0.860916 -0.106681 -0.497436 0.0769792 0.993825 -0.0799088 0.50289 0.0305025 0.863812 -0.603054 -0.237037 -0.761669
2421 2508 0.912418 -0.12852 -0.388555 0.0499214 0.977273 -0.206021 0.406203 0.16858 0.898098 -0.358519 -0.243577 -0.901185
2421 2513 0.959239 0.143058 0.243711 -0.161827 0.985071 0.0587132 -0.231673 -0.0957589 0.968069 0.428618 -0.218884 -0.876571
1055 1243 0.993364 0.101919 0.0532916 -0.101802 0.994793 -0.00489285 -0.0535128 -0.000564849 0.998567 -0.43203 -0.106169 -0.895588
1055 1578 -0.659409 0.116355 0.742726 0.15621 0.987594 -0.0160289 -0.735376 0.105452 -0.669404 0.044956 -0.0467003 -0.997897
1055 1667 0.996217 0.0210271 -0.0843251 -0.0232819 0.999395 -0.0258454 0.0837306 0.0277109 0.996103 -0.365968 0.1883 0.911378
1055 2372 0.997228 0.0547544 0.0503758 -0.0626218 0.9833 0.170881 -0.040178 -0.173562 0.984003 0.472862 0.168641 0.864848
818 898 0.380009 -0.340217 -0.860142 0.0526924 0.936353 -0.347082 0.923481 0.0865715 0.37375 -0.719781 -0.178997 -0.670728
818 921 0.761123 -0.121081 -0.637206 0.152396 0.988303 -0.0057642 0.63045 -0.0927204 0.770672 -0.990449 0.136332 -0.0206204
818 930 0.4267 -0.272542 -0.86235 0.141729 0.961882 -0.23387 0.893219 -0.0224277 0.449062 -0.703383 -0.166052 -0.691144
818 953 0.76996 0.178235 0.612694 -0.224118 0.97456 -0.00185821 -0.597438 -0.135885 0.790318 0.984755 0.0299712 0.171345
818 967 0.309502 0.218738 0.925398 -0.294068 0.947495 -0.125609 -0.904286 -0.233254 0.357575 0.873852 -0.128254 -0.46897
818 1086 0.738706 -0.258815 -0.622357 0.191114 0.965873 -0.174828 0.646366 0.0102052 0.762959 -0.571353 -0.184767 -0.799636
818 1096 0.909631 -0.154563 -0.385594 0.118853 0.986236 -0.114948 0.398053 0.0587306 0.915481 -0.597112 -0.180908 -0.781492
818 1132 0.968303 -0.138724 -0.207716 0.107167 0.981897 -0.156188 0.225622 0.128977 0.96564 -0.236767 -0.179228 -0.954892
818 1137 0.898527 -0.214183 -0.383113 0.162687 0.973201 -0.16252 0.407655 0.0837014 0.909292 -0.604807 -0.18593 -0.774363
818 1146 0.768301 0.249888 0.589296 -0.336027 0.941042 0.0390545 -0.544793 -0.228025 0.806973 0.890731 -0.014665 -0.454295
818 1162 0.900978 -0.0884465 -0.424754 0.120013 0.991607 0.0480864 0.416936 -0.0943007 0.904031 -0.869564 0.0247011 0.493202
818 1196 0.910888 -0.00478755 -0.412627 0.0581354 0.991449 0.116832 0.408539 -0.130409 0.903377 -0.716401 -0.173906 -0.675667
818 1243 0.984328 -0.16379 -0.0653552 0.160563 0.679147 0.716226 -0.0729247 -0.715494 0.694802 0.0827518 0.992113 -0.0941451
818 1270 0.939315 -0.0510711 0.339233 0.0485022 0.998694 0.0160526 -0.33961 0.00137512 0.940565 0.684612 -0.0603189 -0.726407
818 1288 0.319286 -0.150596 -0.935616 0.270727 0.960642 -0.0622365 0.908165 -0.233425 0.34749 -0.724026 -0.174139 -0.66743
818 1309 0.636758 -0.0893684 -0.765867 0.165835 0.985889 0.0228358 0.753019 -0.141548 0.642593 -0.879247 -0.15817 -0.449341
818 1317 0.90672 -0.152323 -0.393262 0.115985 0.986603 -0.114724 0.405468 0.0584099 0.912241 -0.719413 -0.169057 -0.673694
818 1322 0.921293 -0.0984202 -0.376207 0.0818175 0.994846 -0.0599005 0.380163 0.0244056 0.924597 -0.739022 -0.125256 -0.661934
818 1323 0.961235 -0.147805 -0.232766 0.152201 0.988349 0.000937336 0.229916 -0.0363283 0.972532 -0.495072 0.10397 0.862609
818 1395 0.990286 -0.0849216 -0.110096 0.0811381 0.995962 -0.0384096 0.112913 0.0291035 0.993179 -0.549528 -0.193836 -0.812679
818 1396 0.983291 -0.0911215 -0.157596 0.0650127 0.984392 -0.163538 0.170039 0.150559 0.973867 -0.33026 -0.195068 -0.923513
818 1548 0.629789 -0.175606 -0.756655 0.197431 0.978308 -0.0627198 0.751256 -0.109887 0.650798 -0.704579 -0.191966 -0.683167
818 1549 0.675429 -0.191791 -0.712048 0.180604 0.979203 -0.0924329 0.714967 -0.0661674 0.69602 -0.739291 -0.193383 -0.645021
818 1556 0.660438 -0.189478 -0.72658 0.174619 0.979866 -0.0968079 0.730295 -0.0629387 0.680228 -0.6472 -0.192079 -0.737724
818 1557 0.457544 0.212835 0.863339 -0.0481791 0.975439 -0.214936 -0.887881 0.0567479 0.45656 0.979768 -0.00703391 -0.200014
818 1560 0.551707 0.126942 0.824321 -0.173115 0.984254 -0.0357073 -0.815874 -0.123002 0.564996 0.978401 0.0224536 -0.205495
818 1561 0.731528 -0.208235 -0.649234 0.164932 0.977985 -0.127841 0.661562 -0.01356 0.749768 -0.706237 -0.163496 -0.688838
818 1576 0.962461 -0.196822 -0.186893 0.233289 0.951828 0.198999 0.138723 -0.235129 0.962014 -0.0717045 0.936637 -0.342884
818 1585 0.895057 -0.200033 -0.398572 0.138762 0.974313 -0.177371 0.423815 0.103451 0.899822 -0.248228 -0.173108 -0.953109
818 1600 0.382466 -0.47207 -0.794272 0.193477 0.881491 -0.430743 0.903485 0.0110717 0.428475 -0.636116 -0.184046 -0.749322
818 1603 0.754819 -0.168027 -0.634046 0.158927 0.98468 -0.0717483 0.636389 -0.04661 0.769959 -0.750448 -0.159859 -0.641305
818 1625 0.326289 -0.183261 -0.927335 0.221728 0.968495 -0.113379 0.918897 -0.168622 0.356643 -0.774303 -0.175538 -0.607981
818 1646 0.172995 -0.984919 0.0026212 0.847441 0.150203 0.509199 -0.501913 -0.0858677 0.860645 -0.117218 0.822365 0.556755
818 1648 0.49187 0.116444 0.862847 -0.214374 0.976704 -0.00960469 -0.843865 -0.180247 0.505374 0.946825 0.0116799 -0.321537
818 1655 0.910268 0.116086 0.397411 -0.0735909 0.989968 -0.120615 -0.407426 0.0805466 0.909679 0.526217 -0.131063 -0.840189
818 1659 0.838443 -0.263294 -0.477169 0.195317 0.962566 -0.187932 0.508788 0.0643712 0.858482 -0.605784 -0.193071 -0.771848
818 1704 0.552646 0.295844 -0.77914 -0.40394 0.91281 0.0600839 0.728982 0.28152 0.623964 -0.933135 0.0434269 -0.356895
818 1707 0.789312 0.14947 0.595521 -0.187744 0.982215 0.00231161 -0.584584 -0.11363 0.803336 0.999791 0.0203037 0.00257377
818 1708 0.990538 -0.0630159 -0.121914 0.0607449 0.997905 -0.0222593 0.123061 0.014643 0.992291 -0.246194 -0.234396 -0.94045
818 1824 0.93695 0.0460092 0.346422 -0.0879366 0.990439 0.106295 -0.338219 -0.130056 0.932037 0.75973 0.11734 0.639563
818 1831 0.939007 0.0050527 -0.343862 0.0264026 0.995882 0.0867328 0.342885 -0.0905215 0.935006 -0.672432 -0.160944 -0.722449
818 1868 0.99854 0.00287593 -0.0539408 -0.00428263 0.999653 -0.025981 0.0538474 0.0261741 0.998206 -0.279541 -0.24532 -0.928264
818 1886 0.989889 -0.0232726 -0.139922 0.00790824 0.993969 -0.109376 0.141624 0.107163 0.984103 -0.146862 -0.15706 -0.976608
818 1997 0.972809 0.0309053 0.229535 -0.033535 0.999409 0.00756346 -0.229166 -0.0150552 0.973271 0.824721 0.0840186 0.559264
818 1998 0.541368 -0.422058 -0.727178 0.127086 0.896018 -0.425441 0.831126 0.137906 0.538713 -0.545824 -0.180759 -0.81817
818 1999 0.527567 -0.441795 -0.725596 0.156052 0.889997 -0.428431 0.835057 0.112796 0.538476 -0.551381 -0.184691 -0.813553
818 2166 0.724107 -0.262825 -0.637646 0.17867 0.964465 -0.194637 0.666143 0.0270101 0.745335 -0.721297 -0.178804 -0.669149
818 2183 0.865615 -0.184665 -0.465414 0.166261 0.982772 -0.0807162 0.472302 -0.00751095 0.881405 -0.852027 -0.164688 -0.496918
818 2196 0.827876 0.160854 0.537352 -0.172381 0.984599 -0.0291554 -0.533766 -0.0684923 0.842854 0.692774 -0.107868 -0.713042
818 2213 0.999498 0.0131733 -0.0288296 -0.0112571 0.997779 0.0656475 0.0296304 -0.06529 0.997426 -0.707921 -0.164277 -0.686921
818 2249 0.232818 0.104428 0.966897 -0.265249 0.963342 -0.0401753 -0.935649 -0.247115 0.251983 0.888865 -0.0668625 -0.453264
818 2255 0.999051 -0.0435483 0.000383212 0.0435434 0.99871 -0.0261275 0.000755089 0.0261194 0.999658 0.325021 0.202532 0.923765
818 2260 0.970873 -0.121441 -0.206536 0.0977282 0.98778 -0.121407 0.218756 0.0976868 0.970877 -0.561234 -0.263431 -0.784615
818 2261 0.959201 -0.167087 -0.228066 0.136094 0.979946 -0.145548 0.247811 0.108571 0.962706 -0.559704 -0.276894 -0.781064
818 2372 0.9889 0.0704029 0.130842 -0.0822253 0.992786 0.0872625 -0.123755 -0.0970524 0.987555 0.122508 0.346875 0.929876
818 2480 0.732187 0.185767 0.655281 -0.249181 0.968449 0.00387777 -0.633886 -0.166123 0.755375 0.999892 -0.00212712 0.0145386
818 2505 0.646582 0.26557 0.715125 -0.328315 0.943059 -0.05337 -0.688579 -0.200278 0.696956 0.967255 -0.060673 -0.246449
1587 1603 0.779454 0.0704421 0.622487 -0.185137 0.975177 0.121468 -0.598478 -0.209924 0.773147 0.880209 0.130197 -0.456379
1587 1646 0.137925 0.942258 -0.305166 -0.990359 0.127206 -0.0548357 -0.0128503 0.309787 0.950719 -0.904796 -0.212946 -0.368779
1587 1648 -0.225798 -0.300284 0.926739 -0.148883 0.950769 0.271795 -0.96273 -0.0766053 -0.259389 0.619133 0.110371 -0.777491
1587 1658 0.466136 -0.247838 -0.84929 0.165936 0.967416 -0.191235 0.869012 -0.0517858 0.492073 -0.859068 -0.185951 -0.47689
1587 1659 0.870888 -0.236897 -0.430621 0.137627 0.958662 -0.249051 0.47182 0.15763 0.86749 -0.914207 -0.253094 -0.316494
1587 1809 0.774288 -0.244431 -0.583722 0.116234 0.961633 -0.248499 0.622068 0.124561 0.772992 -0.934106 -0.27573 -0.226759
1587 1831 0.995549 -0.0890149 0.0309467 0.0865313 0.993497 0.0739951 -0.0373321 -0.070988 0.996778 0.832992 0.15929 0.52986
1587 1875 0.852891 -0.31141 -0.419048 0.162922 0.921306 -0.353061 0.496018 0.232851 0.836509 -0.918074 -0.248304 -0.309006
1587 1886 0.998821 0.00714671 0.0480146 -6.43657e-05 0.989298 -0.145913 -0.0485435 0.145738 0.988132 0.686585 0.0384416 0.726033
1587 2072 0.352917 -0.374034 -0.857641 0.106401 0.926719 -0.360376 0.929585 0.0359296 0.366853 -0.883887 -0.214908 -0.415401
1587 2155 0.931792 -0.347165 0.106017 0.342305 0.937566 0.0616196 -0.12079 -0.0211267 0.992453 0.909444 0.23428 0.343548
1587 2158 0.844532 -0.203408 -0.49537 0.156505 0.978416 -0.134937 0.512125 0.0364313 0.858138 -0.9386 -0.30602 -0.159315
1587 2166 0.81003 -0.258638 -0.526268 0.129487 0.954213 -0.269648 0.571913 0.150278 0.806432 -0.917014 -0.23457 -0.322586
1587 2183 0.844658 -0.193226 -0.499215 0.0855289 0.969314 -0.230469 0.528429 0.15197 0.835265 -0.777827 -0.427159 0.460999
1587 2195 0.898144 -0.272164 -0.345346 0.178395 0.943415 -0.279543 0.401886 0.189462 0.895875 -0.58578 -0.420091 0.693098
1587 2196 0.843972 -0.272217 -0.462179 0.119838 0.935565 -0.332202 0.522829 0.224983 0.822212 -0.74217 -0.425564 0.517763
1587 2211 0.907685 -0.246958 -0.339293 0.143659 0.942517 -0.3017 0.394297 0.225106 0.890986 -0.691787 -0.399596 0.60146
1587 2248 0.993296 -0.089096 -0.0736608 0.0723536 0.976093 -0.204959 0.0901607 0.198255 0.975995 0.383038 -0.123854 0.915392
1587 2249 0.540232 -0.323167 -0.77699 0.110781 0.942597 -0.315022 0.834193 0.0841098 0.545021 -0.892219 -0.224643 -0.391765
1587 2255 0.996166 -0.0338199 0.0806805 0.0385319 0.997597 -0.0575796 -0.0785393 0.0604676 0.995076 0.321028 0.130355 0.938056
1587 2257 0.878152 -0.242606 -0.4123 0.175656 0.965186 -0.193808 0.444965 0.0977701 0.890195 -0.909681 -0.221265 -0.351458
1587 2260 0.973306 -0.130004 0.189139 0.144166 0.98754 -0.0630959 -0.178579 0.0886791 0.979922 0.936048 0.276765 0.21729
1587 2261 0.987862 -0.148467 0.0456647 0.153563 0.977691 -0.143316 -0.0233681 0.148589 0.988623 0.787552 0.107542 0.606792
1587 2264 0.566351 -0.362406 -0.740209 0.0946358 0.920788 -0.378409 0.818713 0.144262 0.555785 -0.868226 -0.193577 -0.45685
1587 2359 0.993694 -0.111056 -0.0154599 0.0874933 0.854207 -0.512519 0.0701245 0.507934 0.858537 -0.290292 -0.128969 -0.948208
1587 2364 0.923285 -0.00648562 0.384061 -0.0433321 0.991716 0.120918 -0.381664 -0.128284 0.915356 0.28813 0.308672 -0.906478
1587 2372 0.998398 -0.0563863 -0.00476168 0.0541994 0.977066 -0.205923 0.0162637 0.205335 0.978556 0.400613 -0.117781 0.908646
1587 2420 0.282327 0.147877 0.947852 -0.477102 0.878834 0.0050005 -0.832265 -0.453634 0.318671 0.701243 -0.249608 -0.667798
1587 2477 0.846576 -0.189319 -0.497462 0.119543 0.978358 -0.168896 0.518671 0.0835154 0.850885 -0.934709 -0.352779 0.0431993
1587 2479 0.397344 -0.389836 -0.83075 0.172086 0.920876 -0.34982 0.90139 -0.0039614 0.432989 -0.871367 -0.196963 -0.44936
1587 2480 0.891042 -0.269434 -0.365304 0.195394 0.954072 -0.227087 0.409712 0.130965 0.902765 -0.943601 -0.319227 -0.0878093
1587 2481 0.421907 -0.425465 -0.800609 0.183142 0.904842 -0.384344 0.887949 0.0155321 0.459679 -0.901101 -0.227767 -0.36897
1587 2492 0.162708 -0.214808 0.963008 -0.248584 0.935605 0.250696 -0.954847 -0.280178 0.0988323 0.466847 0.0977171 -0.878923
1587 2505 0.650544 -0.310755 -0.692982 0.153623 0.947438 -0.280646 0.743769 0.0761152 0.664089 -0.908921 -0.243569 -0.338433
1587 2508 0.739985 -0.338991 -0.580954 0.160035 0.927643 -0.337444 0.653308 0.15673 0.740691 -0.882417 -0.199489 -0.42608
1587 2513 0.999337 -0.0360581 0.00502157 0.0362869 0.997697 -0.057307 -0.00294362 0.0574511 0.998344 0.555205 -0.038882 0.830804
1874 1956 0.97233 -0.0508104 0.228017 -0.0111998 0.964799 0.262751 -0.233341 -0.258034 0.937534 0.513512 0.408731 0.754483
1874 1957 0.894545 -0.132141 0.426999 -0.0375593 0.929701 0.366394 -0.445397 -0.343794 0.826697 0.683169 0.499535 0.532678
1874 1958 0.91538 -0.105401 0.388549 -0.0381202 0.938092 0.344281 -0.400782 -0.32996 0.854693 0.654388 0.472542 0.590323
1874 1979 0.961601 0.0884271 0.259815 -0.098269 0.994843 0.0251122 -0.256254 -0.0496797 0.965332 0.69691 -0.099959 0.710158
1874 1983 0.978158 -0.0398733 -0.204003 0.0764611 0.981639 0.174752 0.193289 -0.186533 0.963247 -0.326843 0.270539 0.905529
1874 1984 0.972728 -0.0442788 -0.227682 0.0818352 0.984 0.158261 0.217032 -0.172577 0.960788 -0.361309 0.242239 0.900431
1874 2072 0.759016 -0.186402 -0.623818 0.145514 0.982471 -0.11652 0.634602 -0.00233405 0.772836 -0.496991 0.153214 0.854123
1874 2122 0.0195277 0.0248863 -0.9995 -0.0819862 0.996363 0.0232064 0.996442 0.081492 0.021497 -0.930267 0.0391264 -0.36479
1874 2123 0.967906 0.0218515 0.25036 -0.097066 0.951411 0.292223 -0.23181 -0.307146 0.922998 0.179823 0.308603 0.934039
1874 2154 0.992455 0.0240682 0.120224 -0.0268086 0.999415 0.021229 -0.119643 -0.0242919 0.99252 0.115686 0.334928 0.935115
1874 2166 0.99211 0.0570169 -0.111655 -0.0641471 0.996053 -0.0613409 0.107717 0.0680193 0.991852 0.567114 0.115017 0.815569
1874 2174 0.959326 0.104418 0.26228 -0.118355 0.992249 0.0378694 -0.256293 -0.0673713 0.964248 0.166742 0.319645 0.932751
1874 2185 0.971571 -0.0306593 -0.234756 0.0210089 0.998833 -0.0435 0.235816 0.0373314 0.971081 -0.917538 0.0511727 -0.394342
1874 2195 0.986899 0.0116695 0.160919 -0.048465 0.972761 0.226688 -0.15389 -0.231517 0.960582 0.567949 0.357492 0.741373
1874 2196 0.996526 0.017704 0.0813826 -0.0336255 0.979491 0.198664 -0.0761964 -0.20071 0.976683 0.466688 0.352333 0.811212
1874 2203 0.919902 0.0943645 0.380625 -0.133934 0.987854 0.0787851 -0.368567 -0.123453 0.921367 0.238961 0.203548 0.949456
1874 2204 0.999926 0.0119306 0.00239544 -0.0119105 0.999895 -0.00822366 -0.0024933 0.00819452 0.999963 -0.770402 0.0987964 -0.629857
1874 2211 0.97196 0.0595881 0.227471 -0.101136 0.979249 0.17562 -0.212286 -0.193701 0.957818 0.548976 0.333364 0.766481
1874 2249 0.868006 -0.0922969 -0.487901 0.0561061 0.994511 -0.0883169 0.493375 0.0492853 0.86842 -0.0796741 0.187058 0.979113
1874 2257 0.997376 0.0492272 -0.0530776 -0.0511921 0.998028 -0.036317 0.0511851 0.0389388 0.99793 0.598651 0.125963 0.791044
1874 2262 0.988069 0.0260844 -0.151787 0.0462926 0.889678 0.454236 0.14689 -0.455843 0.877856 0.25208 0.314048 0.91533
1874 2263 0.92505 0.102481 0.36576 -0.169731 0.972959 0.15666 -0.339814 -0.207 0.91743 0.226283 0.33598 0.914283
1874 2267 0.909797 0.0467126 0.412417 -0.166241 0.951475 0.25896 -0.380308 -0.304161 0.873414 0.237493 0.30206 0.923232
1874 2283 0.910173 0.100357 0.401888 -0.156292 0.981698 0.108819 -0.383612 -0.161856 0.9092 0.211489 0.331702 0.919373
1874 2361 0.99948 -0.00049836 0.0322285 -0.00191171 0.997203 0.0747066 -0.0321756 -0.0747294 0.996684 0.145074 0.413847 0.898713
1874 2362 0.966037 -0.0373351 -0.255694 0.0307364 0.999085 -0.0297558 0.256571 0.0208861 0.9663 -0.981249 0.0133653 -0.192279
1874 2376 0.923901 -0.186903 0.333879 0.162505 0.981644 0.0998369 -0.34641 -0.0379823 0.937314 0.824979 0.0999122 -0.556262
1874 2408 0.923901 -0.186903 0.333879 0.162505 0.981644 0.0998369 -0.34641 -0.0379823 0.937314 0.824979 0.0999122 -0.556262
1874 2449 0.977333 -0.015495 0.211141 -0.0511454 0.950497 0.306496 -0.205438 -0.310348 0.928159 0.626967 0.2606 0.734166
1874 2492 0.992068 0.0080832 -0.125444 0.0228202 0.969767 0.242961 0.123616 -0.243896 0.961891 0.225771 0.409104 0.884116
1874 2505 0.930708 -0.00533817 -0.365725 -0.0373785 0.993271 -0.10962 0.363849 0.115694 0.924245 0.200883 -0.00778606 0.979584
50 67 0.583949 0.18872 0.78955 -0.337572 0.940974 0.0247529 -0.738274 -0.280984 0.613187 0.766699 -0.187602 -0.613986
50 88 0.947787 0.028517 0.317626 -0.0913829 0.978512 0.184831 -0.305531 -0.204206 0.930027 0.785828 -0.16365 -0.596399
50 89 0.982502 -0.106671 0.152682 0.0487009 0.938364 0.3422 -0.179774 -0.328776 0.927139 0.377036 0.484904 0.789121
50 90 0.981207 -0.0744087 0.178035 0.0377658 0.978869 0.200973 -0.189227 -0.190472 0.963283 0.345906 0.511663 0.78648
50 94 0.987182 -0.0223057 0.15803 -0.00106722 0.98924 0.146297 -0.159593 -0.144591 0.976537 0.76399 -0.297082 -0.572767
50 113 0.999283 -0.0360733 0.0114882 0.0350984 0.996488 0.0760243 -0.0141903 -0.0755666 0.99704 -0.0613117 -0.551613 -0.831844
50 120 0.563482 -0.0102559 0.826065 -0.35879 0.89766 0.255885 -0.744149 -0.44057 0.502135 0.846334 -0.193249 -0.496361
50 122 0.955499 -0.0415564 0.292052 -0.0579468 0.944298 0.323949 -0.289246 -0.326456 0.899868 0.655687 0.435524 0.61676
50 138 0.456448 0.123588 0.881125 -0.387785 0.918934 0.0719921 -0.800799 -0.374547 0.467371 0.746549 -0.18813 -0.638178
50 140 0.995794 -0.0858171 -0.032076 0.0899052 0.982692 0.16197 0.017621 -0.164172 0.986274 -0.532119 -0.428088 -0.730473
50 150 0.689041 0.144408 0.710189 -0.299787 0.94897 0.0978986 -0.659811 -0.280362 0.697171 0.98834 0.114709 0.100129
50 152 0.912847 -0.0008435 0.408301 -0.131353 0.946231 0.295623 -0.386597 -0.32349 0.863653 0.671011 0.376439 0.638778
50 154 0.984962 -0.149467 -0.0866514 0.164465 0.964783 0.20529 0.0529157 -0.216454 0.974858 0.739117 0.137988 0.659292
50 162 0.772557 -0.0390584 0.633743 -0.172186 0.947818 0.268317 -0.611152 -0.316412 0.725518 0.967287 0.193339 0.164241
50 164 0.825309 0.154837 0.543037 -0.189732 0.9818 0.00841395 -0.531851 -0.109975 0.839666 0.84953 -0.190839 -0.491812
50 165 0.644385 0.163503 0.747017 -0.245593 0.969373 -0.00032007 -0.72419 -0.183256 0.664805 0.97654 -0.180099 -0.11804
50 177 0.333274 0.207065 0.919811 -0.396231 0.916012 -0.0626435 -0.855529 -0.34358 0.387328 0.823708 -0.189788 -0.534309
50 183 0.993693 -0.0996055 -0.0515041 0.0985002 0.994858 -0.0235779 0.0535878 0.018356 0.998394 0.28142 -0.430195 -0.85775
50 192 0.571517 0.183099 0.799902 -0.334342 0.942166 0.0232188 -0.749389 -0.280711 0.599682 0.832812 -0.19301 -0.518817
50 193 0.469126 0.276912 0.838594 -0.325054 0.93705 -0.127582 -0.821134 -0.212736 0.529606 0.830187 -0.190955 -0.523761
50 197 0.715949 0.150519 0.681734 -0.23476 0.971525 0.0320422 -0.657499 -0.182985 0.730898 0.881034 -0.193263 -0.431774
50 205 0.901537 -0.154652 -0.404122 0.212743 0.971691 0.102744 0.376792 -0.178601 0.908917 -0.471245 0.149207 0.86929
50 206 0.993232 -0.0967068 0.0643335 0.06982 0.939739 0.334688 -0.0928233 -0.327931 0.94013 -0.216262 0.500085 0.838538
50 218 0.807186 -0.0100663 0.590211 -0.0239791 0.99847 0.0498238 -0.589809 -0.0543698 0.80571 0.839996 -0.190657 -0.507993
50 221 0.782326 0.0232703 0.622434 -0.228272 0.940486 0.25175 -0.579532 -0.339035 0.741079 0.991159 0.125715 -0.0424201
50 232 0.991682 -0.127173 -0.019827 0.128692 0.977204 0.16885 -0.00209816 -0.169997 0.985442 0.0253265 -0.47355 -0.880403
50 236 0.627837 -0.0679134 0.775377 -0.100526 0.980767 0.167301 -0.771826 -0.182984 0.608935 0.691748 -0.183688 -0.698387
50 239 0.631114 0.203019 0.748651 -0.24358 0.968192 -0.057215 -0.736454 -0.146248 0.66049 0.975593 -0.180467 -0.125101
50 244 0.493257 0.0822989 0.865982 -0.354669 0.928038 0.113821 -0.794296 -0.36328 0.48695 0.835678 -0.194596 -0.51359
50 251 0.667274 0.14983 0.729587 -0.299855 0.950708 0.0790045 -0.681786 -0.271488 0.67931 0.848873 -0.193153 -0.492043
50 342 0.670944 0.177196 0.720025 -0.208927 0.976862 -0.0457165 -0.711465 -0.11976 0.692441 0.977514 -0.195222 -0.0797226
50 343 0.35105 0.15546 0.923361 -0.289345 0.955869 -0.0509281 -0.89053 -0.249292 0.38054 0.985381 -0.170028 0.01072
50 355 0.832995 0.0325807 -0.552321 0.188094 0.922132 0.338073 0.520327 -0.385501 0.762003 -0.977311 0.180496 -0.110833
50 356 0.772976 0.0979286 0.626831 -0.19207 0.977772 0.0840955 -0.604662 -0.185399 0.774604 0.837474 -0.19377 -0.51097
50 378 0.958508 -0.062744 0.278076 -0.0506077 0.922528 0.382596 -0.280539 -0.380794 0.881075 0.677202 0.437838 0.59135
50 416 0.78107 0.00603439 0.624415 -0.251678 0.91818 0.305947 -0.571479 -0.396118 0.718682 0.980374 0.160282 0.114791
50 421 0.67562 0.142322 0.723382 -0.236426 0.971194 0.0297378 -0.698313 -0.191118 0.689807 0.985664 -0.165486 0.0328598
50 427 0.843888 0.180092 0.505391 -0.185508 0.981824 -0.0401085 -0.503428 -0.0599072 0.861958 0.856615 -0.19245 -0.478721
50 433 0.824002 0.18167 0.536672 -0.194813 0.980294 -0.0327259 -0.532042 -0.0775847 0.843156 0.880772 -0.126728 -0.456269
50 434 0.991461 0.130289 0.00550502 -0.126382 0.970424 -0.205679 -0.0321399 0.203227 0.978604 -0.0543494 -0.416583 -0.907471
50 454 0.839418 0.13264 0.527052 -0.193743 0.979081 0.0621681 -0.50778 -0.154298 0.847556 0.601198 -0.306836 -0.737843
50 455 0.847245 0.113011 0.519041 -0.202867 0.971883 0.119537 -0.490938 -0.206574 0.846349 0.86255 -0.195812 -0.466547
50 488 0.726624 -0.0616373 0.684265 0.0325239 0.997937 0.055355 -0.686266 -0.0179673 0.727129 0.924135 -0.19651 -0.327657
50 497 0.704499 0.0211947 0.709389 -0.183477 0.971013 0.1532 -0.685579 -0.238086 0.687966 0.736892 -0.18201 -0.651047
50 511 0.955869 -0.155037 -0.249556 0.221453 0.938407 0.265238 0.193064 -0.308798 0.931327 0.653769 -0.0679333 0.753638
50 550 0.983167 -0.182219 -0.0133719 0.176546 0.966304 -0.187318 0.0470542 0.181804 0.982208 -0.152829 0.118736 -0.981094
50 645 0.630343 0.0902841 0.771049 -0.333574 0.928349 0.163999 -0.700996 -0.360577 0.615295 0.794633 -0.19049 -0.576431
50 648 0.541489 0.20859 0.81442 -0.333489 0.942549 -0.0196766 -0.771735 -0.260946 0.579942 0.771966 -0.188754 -0.606994
50 652 0.0844866 -0.394093 -0.915179 0.124334 0.915454 -0.382733 0.988637 -0.081452 0.126343 -0.717096 -0.166163 -0.676878
50 654 0.927145 0.13466 0.349672 -0.207134 0.961834 0.178802 -0.312249 -0.238204 0.919652 0.9222 -0.195122 -0.333878
50 810 0.979841 0.199731 0.00444447 -0.198713 0.97207 0.124874 0.0206208 -0.12324 0.992163 0.162967 0.038279 0.985889
50 811 0.99134 0.0178474 -0.130102 0.0190662 0.960663 0.277061 0.12993 -0.277142 0.952004 -0.93066 0.152369 -0.332651
50 819 0.682103 0.160732 0.713372 -0.285044 0.95682 0.0569662 -0.673413 -0.242199 0.698466 0.831782 -0.192873 -0.520518
50 845 0.99721 -0.0703894 -0.0248613 0.0708359 0.997333 0.0175564 0.0235592 -0.0192685 0.999537 0.0673648 -0.499924 -0.863445
50 846 0.9783 0.111694 0.17451 -0.121106 0.991654 0.0442152 -0.168115 -0.0643899 0.983662 0.505772 -0.365031 -0.781631
50 848 0.959642 0.0159841 0.280772 -0.0899569 0.963376 0.252617 -0.266451 -0.26768 0.925933 0.68101 0.421914 0.59851
50 869 0.997789 -0.0662624 0.00519629 0.0610674 0.944805 0.321891 -0.0262388 -0.320862 0.946762 -0.847277 0.194382 0.494304
50 892 0.723476 0.159733 0.671616 -0.20246 0.979179 -0.0147889 -0.659995 -0.125276 0.740752 0.978852 -0.187813 -0.0810896
50 894 0.967252 -0.00817149 0.253688 -0.0552079 0.968779 0.2417 -0.247743 -0.24779 0.936602 0.529531 0.342339 0.776145
50 895 0.884896 0.0566407 0.462332 -0.114375 0.988612 0.0977951 -0.451528 -0.139418 0.881297 0.895377 -0.136758 0.42379
50 898 0.785656 0.149849 0.600242 -0.15834 0.986612 -0.0390539 -0.598058 -0.0643595 0.798864 0.916413 -0.19448 -0.349808
50 901 0.587595 0.263771 -0.764956 0.146833 0.894921 0.421374 0.795721 -0.359917 0.487121 -0.973805 0.17488 -0.145329
50 921 0.975388 0.206673 -0.0768374 -0.197666 0.974008 0.110619 0.0977022 -0.0927085 0.990888 -0.266079 0.11787 0.956718
50 930 0.973156 0.0668684 0.220218 -0.102217 0.982886 0.153253 -0.206202 -0.171649 0.963337 0.927914 -0.19503 -0.31771
50 953 0.815748 0.0806082 0.572762 -0.208861 0.964479 0.16173 -0.539381 -0.251559 0.803609 0.85109 -0.197121 -0.486609
50 967 0.990339 -0.0441947 0.131436 0.019721 0.983106 0.181971 -0.137257 -0.177621 0.97448 0.96825 -0.147679 0.201701
50 1074 0.722308 0.150159 0.675073 -0.219049 0.975559 0.0173796 -0.655964 -0.160428 0.737546 0.979907 -0.177945 -0.0900999
50 1075 0.742731 0.15616 0.651126 -0.223664 0.974431 0.0214329 -0.63113 -0.161552 0.758667 0.984534 -0.173824 -0.0218597
50 1076 0.730014 0.152306 0.666245 -0.22135 0.974996 0.0196486 -0.646594 -0.161817 0.745474 0.982686 -0.175067 -0.0606694
50 1077 0.722308 0.150159 0.675073 -0.219049 0.975559 0.0173796 -0.655964 -0.160428 0.737546 0.979907 -0.177945 -0.0900999
50 1079 0.723608 0.152493 0.673156 -0.220539 0.975245 0.0161406 -0.65403 -0.160136 0.739325 0.984431 -0.173299 -0.02937
50 1080 0.723768 0.15243 0.672998 -0.220615 0.975223 0.0163755 -0.653827 -0.160325 0.739464 0.984393 -0.173218 -0.03107
50 1086 0.942719 0.237823 -0.233926 -0.151361 0.929851 0.33536 0.297273 -0.280743 0.912586 -0.532646 0.0460158 -0.845086
50 1096 0.405067 0.10688 0.908018 -0.299535 0.953846 0.0213477 -0.863828 -0.280631 0.418386 0.793596 -0.189372 -0.578225
50 1124 0.917028 -0.389676 -0.0849295 0.36902 0.90981 -0.189922 0.151278 0.142823 0.978119 -0.912879 -0.228411 0.33835
50 1137 0.956592 0.291375 0.005703 -0.287655 0.940874 0.178915 0.0467657 -0.172789 0.983848 0.982621 -0.18055 -0.0431
50 1146 0.991379 -0.130523 0.0114522 0.13086 0.981963 -0.136467 0.00656655 0.136789 0.990578 -0.327803 -0.0443815 0.943703
50 1162 0.79998 0.169009 0.575733 -0.280423 0.953585 0.109718 -0.530467 -0.249221 0.810243 0.978971 -0.171044 0.11117
50 1196 0.920109 -0.376862 -0.106647 0.296332 0.847898 -0.439609 0.256098 0.372885 0.891836 -0.330302 -0.404521 0.852797
50 1286 0.946167 0.282491 0.158012 -0.232992 0.933273 -0.273343 -0.224685 0.221812 0.94885 0.366567 -0.286547 0.885166
50 1288 0.992073 -0.0990428 0.0773439 0.0668544 0.93713 0.342516 -0.106405 -0.33463 0.936323 0.945613 -0.15821 0.284229
50 1317 0.933788 -0.320004 0.160115 0.346576 0.920155 -0.18221 -0.089023 0.225637 0.970135 0.523766 -0.0370867 0.851054
50 1322 0.917111 -0.345473 0.198886 0.383107 0.901738 -0.200245 -0.110163 0.259841 0.959347 0.573766 -0.0354153 0.818253
50 1323 0.994796 -0.0765026 0.0672972 0.0868711 0.98198 -0.167837 -0.0532445 0.172809 0.983515 -0.223635 0.112702 -0.968135
50 1359 0.800783 0.14102 0.582117 -0.184027 0.982806 0.0150674 -0.569983 -0.119191 0.812966 0.917764 -0.224923 -0.327291
50 1385 0.848003 0.141195 0.510837 -0.206522 0.975704 0.0731494 -0.488098 -0.16753 0.85656 0.877584 -0.193882 -0.43847
50 1395 0.521745 -0.402842 -0.751997 0.212867 0.91508 -0.342515 0.826117 0.0186303 0.56319 -0.805493 -0.129608 -0.578258
50 1396 0.890694 0.436056 0.128527 -0.448986 0.888105 0.098393 -0.0712408 -0.145345 0.986813 0.59877 -0.165547 -0.783625
50 1496 0.899808 -0.00964069 0.43618 -0.130158 0.948298 0.289466 -0.416419 -0.317236 0.852031 0.868748 0.311813 0.384771
50 1549 0.97374 0.192026 -0.122299 -0.139413 0.92763 0.346505 0.179986 -0.320356 0.930041 -0.76743 0.0977725 -0.633634
50 1556 0.952081 0.235268 -0.195426 -0.136743 0.898988 0.41608 0.273576 -0.369418 0.88808 -0.578229 0.0956601 -0.810247
50 1560 0.984343 -0.13571 0.112481 0.164345 0.937292 -0.307366 -0.0637148 0.32104 0.94492 0.28916 -0.240378 0.926609
50 1561 0.962693 0.22763 -0.146313 -0.179483 0.941793 0.284274 0.202507 -0.247408 0.947513 -0.86318 0.123717 -0.489505
50 1574 0.991214 -0.114874 -0.0655614 0.126257 0.969471 0.210203 0.0394131 -0.216633 0.975457 -0.134612 -0.630281 -0.764608
50 1585 0.876033 0.379893 -0.297065 -0.280091 0.902256 0.327846 0.392575 -0.203998 0.896811 -0.504438 0.029032 -0.86296
50 1586 0.951338 -0.175495 -0.253293 0.262627 0.891737 0.368554 0.161192 -0.417141 0.894433 -0.497045 0.0314705 -0.867154
