1338 1339 0.989557 -0.038278 0.138965 0.0565623 0.989885 -0.13011 -0.132579 0.136612 0.981713 0.44166 -0.349327 0.826382
424 450 0.992808 -0.0737253 -0.0943246 0.056104 0.982531 -0.17744 0.105759 0.170872 0.979601 0.939926 0.00169341 0.341374
424 459 0.992816 -0.0737178 -0.0942456 0.0561122 0.982534 -0.177421 0.105679 0.170858 0.979612 0.939788 0.00167771 0.341755
424 531 0.592838 -0.062109 -0.802923 0.0812303 0.996548 -0.0171103 0.801214 -0.055078 0.595837 -0.665141 -0.114636 -0.737865
424 534 0.994524 -0.0199078 -0.102594 0.011477 0.996556 -0.0821212 0.103875 0.080494 0.991328 -0.220975 0.0259124 -0.974935
424 535 0.96979 0.0152093 -0.243467 0.00752287 0.995715 0.0921671 0.243826 -0.0912142 0.96552 -0.919339 -0.0820039 0.384826
424 536 0.990736 -0.0236217 0.133728 0.0168318 0.998522 0.0516786 -0.134751 -0.048949 0.98967 0.126365 -0.0218029 0.991744
424 552 0.914798 -0.0334459 -0.402524 0.073926 0.993596 0.0854502 0.397088 -0.107927 0.911413 -0.877712 0.0230219 0.478635
424 581 0.906979 -0.106073 -0.407599 0.0623888 0.990926 -0.119052 0.416529 0.082548 0.905367 -0.57718 -0.236633 -0.78158
424 632 0.992092 -0.0151377 -0.124593 0.00239987 0.994806 -0.101757 0.125486 0.100653 0.986976 0.267147 -0.0646908 0.961482
424 673 0.97055 -0.0461879 -0.236429 0.0419113 0.998855 -0.023085 0.237225 0.0124961 0.971374 -0.989003 -0.147571 0.00979433
424 677 0.970598 0.00780397 0.240577 -0.0132174 0.999694 0.0208963 -0.240341 -0.0234617 0.970405 0.952581 -0.000820688 0.304283
424 744 0.993221 -0.014643 -0.115312 0.00225896 0.994278 -0.106803 0.116216 0.105818 0.987571 0.290642 -0.0591302 0.955003
424 745 0.992092 -0.0151377 -0.124593 0.00239987 0.994806 -0.101757 0.125486 0.100653 0.986976 0.267147 -0.0646908 0.961482
424 787 0.987759 0.0115291 -0.155557 -0.0118907 0.999928 -0.00139404 0.15553 0.00322665 0.987825 -0.762539 -0.100325 -0.639116
424 805 0.969739 -0.0120779 -0.243848 0.028797 0.997462 0.0651158 0.242442 -0.0701673 0.967625 -0.99279 -0.0955884 -0.0723245
424 810 0.998493 -0.0171725 0.0521238 0.0123158 0.995673 0.0921049 -0.0534799 -0.0913241 0.994384 0.892357 -0.00702864 0.451275
424 811 0.752186 0.00850899 -0.658896 0.0371823 0.997775 0.0553322 0.657901 -0.0661194 0.750196 -0.737026 -0.111801 -0.666553
424 854 0.953918 0.0394157 -0.297466 -0.00619112 0.993709 0.111818 0.300002 -0.104823 0.948162 -0.988835 -0.114571 -0.0952804
424 878 0.830601 -0.0283486 -0.556146 0.0276806 0.999571 -0.00961058 0.55618 -0.00741185 0.831029 -0.61513 -0.148844 0.774248
424 959 0.919321 -0.0559264 -0.389514 0.0329591 0.997314 -0.0654051 0.392126 0.0472902 0.918695 -0.887836 -0.0975789 -0.449695
424 977 0.951615 -0.0346742 -0.305329 0.0246162 0.999022 -0.0367313 0.306304 0.027438 0.951538 -0.969952 -0.123302 -0.209739
424 982 0.844621 -0.0181253 -0.535057 0.0379278 0.998941 0.0260319 0.534019 -0.0422807 0.844415 -0.76027 -0.100538 -0.64178
424 988 0.998946 -0.0211441 0.0407457 0.0186177 0.997939 0.0614146 -0.0419603 -0.0605913 0.99728 0.977567 -0.00999201 0.21039
424 990 0.99291 0.00762889 -0.118624 -0.00652502 0.999932 0.0096912 0.11869 -0.00884846 0.992892 0.743145 0.00617889 0.669102
424 1217 0.862192 -0.0380905 -0.505147 0.0368705 0.999243 -0.0124167 0.505238 -0.00791945 0.862944 -0.951128 -0.0607811 -0.302755
424 1268 0.746077 -0.12867 -0.653309 0.0655647 0.99058 -0.120222 0.662624 0.0468606 0.747485 -0.805995 -0.118169 -0.580008
424 1280 0.550383 -0.0316782 -0.834311 0.0679662 0.997663 0.00695582 0.832141 -0.0605333 0.55125 -0.674009 -0.0635035 -0.735989
424 1281 0.50192 -0.098336 -0.859306 0.0732619 0.994779 -0.071047 0.861806 -0.0272944 0.506504 -0.664036 -0.0631764 -0.745027
424 1293 0.651423 0.0693913 0.755535 0.00346201 0.995527 -0.094418 -0.758707 0.0641217 0.648269 0.97344 0.030681 -0.226877
424 1294 0.416498 -0.193527 -0.8883 -0.0233565 0.974481 -0.223254 0.908837 0.113732 0.401349 -0.699462 -0.0754715 -0.710674
424 1364 0.909066 -0.0432133 -0.414405 0.030632 0.998847 -0.0369612 0.415525 0.020906 0.909342 -0.749045 -0.103874 -0.654326
424 1375 0.996312 -0.0190165 -0.083667 0.0158304 0.99913 -0.0385798 0.0843279 0.037113 0.995747 -0.918658 -0.0984902 -0.382579
424 1401 0.892358 -0.124697 -0.433761 0.0389232 0.978757 -0.201297 0.449647 0.162745 0.878255 -0.68255 -0.108154 -0.722792
424 1402 0.907438 -0.121166 -0.402337 0.0759302 0.989043 -0.126602 0.413269 0.084334 0.906695 -0.719957 -0.117452 -0.684008
424 1403 0.972071 -0.0514655 -0.228973 0.030124 0.99495 -0.095744 0.232745 0.0861723 0.968713 -0.954337 -0.114313 -0.275995
424 1404 0.983413 -0.0455743 -0.175558 0.036371 0.997808 -0.0552901 0.177694 0.0479878 0.982915 -0.940681 -0.120844 -0.317042
424 1405 0.991175 -0.0437636 -0.125126 0.0366472 0.997608 -0.0586211 0.127391 0.0535183 0.990407 -0.960748 -0.123449 -0.248443
424 1409 0.326258 -0.199675 -0.923951 0.0200087 0.978675 -0.204436 0.945069 0.0482117 0.323296 -0.61712 -0.0953359 -0.781073
424 1410 0.50881 -0.181132 -0.841608 0.0463779 0.981962 -0.1833 0.859629 0.0542329 0.508033 -0.632719 -0.108145 -0.766793
424 1412 0.953326 -0.0750654 -0.292464 0.0490931 0.99425 -0.0951642 0.297926 0.0763646 0.95153 -0.738778 -0.121517 -0.662903
424 1413 0.872387 -0.130225 -0.471151 0.0652993 0.986268 -0.151694 0.484435 0.10157 0.868911 -0.701443 -0.110588 -0.704094
424 1414 0.994633 -0.0250584 -0.100383 0.0174246 0.99694 -0.0762149 0.101985 0.0740567 0.992026 -0.983993 -0.0948037 -0.150897
424 1415 0.99851 -0.0255659 -0.0481994 0.0232699 0.998595 -0.0476101 0.0493489 0.0464176 0.997702 0.759772 0.0717176 0.646222
424 1416 0.99929 -0.016341 -0.0339541 0.0154555 0.999538 -0.0261788 0.0343662 0.0256354 0.99908 0.799535 0.0712978 0.596372
424 1417 0.998912 -0.0422109 -0.0198011 0.0415517 0.998604 -0.0325978 0.0211494 0.0317397 0.999272 0.756527 0.0704958 0.650152
424 1444 0.988415 -0.000930293 0.151775 -0.00942755 0.997674 0.0675107 -0.151485 -0.0681594 0.986107 0.961827 -0.0201108 0.272919
424 1494 0.819251 -0.0774792 -0.568177 0.0428801 0.996333 -0.074036 0.571829 0.0362906 0.819569 -0.729634 -0.114617 -0.674164
325 328 0.8219 -0.0237319 0.569137 -0.0321312 0.99561 0.0879163 -0.568725 -0.0905454 0.817529 0.999033 -0.0397412 -0.0188007
325 329 0.942844 -0.00812115 -0.333135 0.0306116 0.997587 0.0623185 0.331824 -0.0689545 0.940817 -0.99175 0.0309575 0.124391
325 333 0.991288 0.01572 0.130767 -0.0329751 0.990853 0.130855 -0.127514 -0.134027 0.982739 0.882993 0.121495 0.45339
325 368 0.99593 -0.00645118 -0.0898944 0.0150898 0.995291 0.0957524 0.0888533 -0.0967192 0.991338 0.519548 -0.130969 -0.844344
325 370 0.97085 -0.034185 -0.237239 0.0596679 0.993088 0.101079 0.232144 -0.112288 0.966178 0.215753 -0.14995 -0.964866
325 394 0.85978 0.0153218 -0.510434 0.0247101 0.997131 0.0715531 0.510066 -0.0741328 0.856935 -0.734357 -0.041401 -0.6775
325 396 0.791747 -0.00108574 0.610849 -0.0320813 0.998544 0.0433567 -0.610007 -0.0539243 0.790559 0.656716 -0.117621 -0.744909
325 398 -0.0192553 -0.0147789 0.999705 -0.0931072 0.995572 0.0129244 -0.99547 -0.0928309 -0.0205461 0.47754 -0.120413 -0.870319
325 402 0.315376 -0.0818929 0.945427 -0.0567136 0.992862 0.10492 -0.947271 -0.0867079 0.308481 0.331476 -0.132017 -0.934181
325 413 0.956178 0.0426592 0.28966 -0.00786844 0.992715 -0.120226 -0.292679 0.112679 0.949549 -0.411287 -0.17976 -0.893605
325 416 0.994024 0.00144897 -0.109151 0.000604216 0.999824 0.0187751 0.109159 -0.0187289 0.993848 -0.667497 -0.0953173 -0.738486
325 420 0.725359 0.157631 0.67008 -0.100988 0.987264 -0.122927 -0.680923 0.0214967 0.73204 0.685894 -0.11367 -0.718769
325 431 0.992704 0.053368 0.108119 -0.063852 0.993336 0.0959469 -0.102278 -0.102151 0.989497 -0.911303 -0.0237886 -0.411048
325 432 0.188147 0.0131888 0.982052 -0.0882058 0.996096 0.00352163 -0.978172 -0.0872853 0.188576 0.639753 -0.116765 -0.759659
325 443 0.698333 -0.0352696 0.714903 -0.0356623 0.99583 0.0839649 -0.714884 -0.0841305 0.694164 0.678347 -0.114677 -0.725737
325 445 0.644663 0.0537544 0.762575 -0.0639538 0.99782 -0.016272 -0.761787 -0.0382795 0.646695 0.57258 -0.117207 -0.811428
325 452 0.976374 -0.0669546 -0.205455 0.0766305 0.996277 0.0394958 0.202046 -0.0543068 0.977869 0.190427 -0.133834 -0.972536
325 465 -0.363281 0.0409299 0.93078 -0.174924 0.978272 -0.111291 -0.915111 -0.203245 -0.348228 0.370227 -0.118843 -0.921308
325 495 0.962026 0.0564399 0.267059 -0.0522288 0.998374 -0.0228512 -0.267914 0.00803531 0.963409 0.643898 -0.120048 -0.755635
325 559 0.775935 0.0878245 0.62467 -0.0699001 0.996133 -0.0532233 -0.626929 -0.00236669 0.779073 0.192902 -0.15428 -0.969013
325 576 -0.0985404 0.165299 0.981308 -0.0862701 0.980976 -0.173906 -0.991387 -0.101794 -0.0824055 0.379618 -0.138097 -0.914778
325 603 0.230207 0.0371244 0.972433 -0.0569892 0.998071 -0.0246119 -0.971471 -0.0497524 0.231879 0.53169 -0.127547 -0.83728
325 619 0.999873 0.00497765 -0.0151473 -0.00544176 0.999512 -0.0307548 0.0149869 0.0308333 0.999412 -0.565101 0.122591 0.815863
325 621 0.995652 0.0273541 0.0890454 -0.0235768 0.998788 -0.0431986 -0.0901192 0.0409114 0.99509 -0.718747 0.0990785 0.688176
325 622 0.0854642 -0.0834027 -0.992844 0.12538 0.989469 -0.0723264 0.988421 -0.118301 0.0950212 -0.889648 -0.0082854 -0.456572
325 628 0.98575 -0.00395124 -0.16817 0.018277 0.996321 0.0837242 0.16722 -0.0856048 0.982197 -0.0140086 -0.174197 -0.984611
325 659 -0.188375 0.0883127 0.978118 -0.0723159 0.991998 -0.103493 -0.979431 -0.090229 -0.180481 0.323814 -0.141687 -0.935451
325 675 0.999143 0.0101932 0.0401165 -0.0106766 0.999873 0.0118559 -0.0399905 -0.012274 0.999125 -0.6972 0.11798 0.707102
325 688 0.969221 0.0135241 0.245821 -0.0205834 0.999446 0.0261702 -0.24533 -0.0304246 0.968962 0.960209 0.119282 0.252528
325 697 0.901791 -0.00611111 0.432129 -0.0466973 0.992668 0.111489 -0.429641 -0.120719 0.894894 0.386367 -0.131377 -0.912941
325 703 -0.177229 0.0811485 0.980818 -0.101375 0.989789 -0.100208 -0.978935 -0.11719 -0.167193 0.42111 -0.121861 -0.898786
325 797 0.728774 -0.402591 0.553903 -0.0378801 0.783967 0.619646 -0.683705 -0.472564 0.556085 0.292175 0.0238629 -0.956067
325 804 0.945266 0.0320426 0.324724 0.0365118 0.97853 -0.202843 -0.324252 0.203597 0.923801 0.940364 0.0331295 -0.338553
325 808 0.992745 -0.0249747 0.117615 -0.00255294 0.973591 0.228283 -0.12021 -0.226927 0.966464 -0.999625 0.0256761 -0.00956893
325 814 0.906466 0.0577189 0.418315 -0.0465625 0.998236 -0.0368376 -0.419703 0.0139142 0.907555 0.857889 -0.0143888 0.513634
325 817 0.677829 -0.105896 0.727554 -0.0723584 0.97516 0.209349 -0.73165 -0.194547 0.653329 0.253574 -0.142244 -0.9568
325 818 0.560512 -0.11233 0.820493 -0.087883 0.977096 0.193806 -0.823471 -0.180738 0.537802 0.263305 -0.121976 -0.95697
325 842 0.968428 0.0622441 0.241398 -0.0376127 0.993725 -0.105337 -0.24644 0.0929322 0.964692 0.950777 -0.0714135 0.301535
325 851 0.505536 0.0386573 0.861939 -0.0935496 0.995562 0.0102175 -0.857719 -0.0857994 0.506909 0.61447 -0.119005 -0.779913
325 853 0.959422 -0.00694462 0.28189 -0.0270781 0.992807 0.11662 -0.280672 -0.119521 0.952333 0.509245 -0.126641 -0.851253
325 856 -0.450957 0.031459 0.89199 -0.0986469 0.991499 -0.0848408 -0.887077 -0.126252 -0.44402 0.323111 -0.139004 -0.936097
325 857 0.792489 -0.03827 0.608684 -0.0584337 0.988673 0.13824 -0.60708 -0.145121 0.781277 0.300488 -0.168296 -0.93882
325 876 0.108697 0.0865571 0.990299 -0.0733553 0.994184 -0.0788451 -0.991365 -0.0640735 0.114414 0.459506 -0.12226 -0.87972
325 906 0.980972 0.0382091 -0.190355 -0.0346606 0.999158 0.0219374 0.191033 -0.0149222 0.98147 0.0324336 -0.241475 -0.969865
325 928 0.69013 -0.0622058 0.721007 -0.0538403 0.989124 0.136873 -0.72168 -0.133279 0.679276 0.0939065 -0.146413 -0.984756
325 939 0.603048 -0.335664 0.723645 -0.114746 0.861224 0.495103 -0.789409 -0.381606 0.480843 0.19152 0.0413782 -0.980616
325 953 0.992871 0.0161218 -0.118101 -0.00656592 0.996704 0.0808584 0.119015 -0.0795065 0.989704 -0.973627 0.0300603 0.226155
325 983 0.981536 0.0173779 0.190488 -0.0185558 0.999818 0.00440147 -0.190377 -0.00785485 0.98168 0.621127 -0.11762 -0.774833
325 984 0.997085 -0.0130664 0.0751671 0.00499415 0.99429 0.106593 -0.0761308 -0.105907 0.991457 -0.999615 0.0125454 0.0247486
325 985 0.977672 -0.0137405 -0.209689 0.0409303 0.9912 0.125885 0.206114 -0.131657 0.96963 -0.991091 0.0268373 0.130457
325 991 0.860599 0.0466053 -0.507147 0.010449 0.993979 0.109075 0.509177 -0.099169 0.85493 -0.958474 0.0431577 0.281894
325 997 -0.213322 0.102437 0.971597 -0.0975052 0.98729 -0.1255 -0.972104 -0.121508 -0.200622 0.369867 -0.139424 -0.918564
325 1001 0.0441463 -0.0375986 0.998317 -0.16752 0.984864 0.0444997 -0.98488 -0.169203 0.0371796 0.383116 -0.136588 -0.913546
325 1003 0.214878 0.0794733 0.973402 -0.0975621 0.993445 -0.0595729 -0.971756 -0.0821663 0.221223 0.530934 -0.118408 -0.8391
325 1007 0.993011 0.0108011 -0.117526 0.0268087 0.949129 0.313744 0.114936 -0.314702 0.942206 -0.420677 0.135568 0.897024
325 1008 0.926209 -0.0435032 -0.374493 -0.0361428 0.9785 -0.203058 0.375275 0.201609 0.904722 0.719578 0.0414052 -0.693176
325 1014 0.939431 0.0270923 -0.341667 0.047085 0.977218 0.20695 0.33949 -0.210503 0.916753 -0.542286 0.131983 0.829763
325 1018 0.991391 -0.0261389 -0.128298 0.0270311 0.999621 0.00521769 0.128113 -0.00864082 0.991722 -0.648185 -0.191943 -0.736895
325 1056 0.953124 -0.0271657 0.301357 -0.0208488 0.987698 0.154976 -0.30186 -0.153994 0.940833 -0.536509 0.112948 0.836302
325 1113 0.997575 0.0142807 -0.0681257 -0.0125812 0.9996 0.0253108 0.0684599 -0.0243923 0.997356 -0.42133 0.116591 0.899382
325 1139 0.981104 0.0042851 0.193433 -0.00616025 0.99994 0.0090936 -0.193382 -0.0101134 0.981071 -0.500858 0.132547 0.85532
325 1140 0.925788 -0.0362499 -0.376302 0.0756584 0.99302 0.0904771 0.370396 -0.112233 0.922069 -0.972352 0.0323378 0.231268
325 1143 0.952576 -0.0413999 -0.301471 0.0558869 0.997652 0.0395852 0.299125 -0.0545562 0.952653 0.400911 -0.126611 -0.907326
325 1145 0.913981 -0.023144 -0.405096 0.0618836 0.994643 0.082796 0.40101 -0.100743 0.910517 -0.551123 0.115778 0.826353
325 1161 0.410656 0.140807 0.900852 -0.12222 0.987588 -0.0986499 -0.903562 -0.0695912 0.422768 0.58851 -0.122048 -0.799225
325 1162 0.787263 0.129635 0.602836 -0.135977 0.990082 -0.0353318 -0.601437 -0.0541564 0.797082 0.664658 -0.0675299 -0.744089
325 1163 0.981698 -0.008073 0.190273 -0.0146343 0.992949 0.117634 -0.189881 -0.118265 0.974658 -0.59405 -0.172947 -0.785617
325 1166 0.979029 0.008911 0.203524 -0.0396473 0.988275 0.147448 -0.199824 -0.152425 0.967903 0.614872 -0.123267 -0.778934
325 1168 0.995649 -0.000402421 0.0931826 0.00248413 0.99975 -0.0222252 -0.0931504 0.0223599 0.995401 -0.973384 0.035943 0.226345
325 1173 0.832599 0.0304202 0.55304 -0.045148 0.998895 0.0130254 -0.552032 -0.0358135 0.833053 0.809693 0.098283 0.578565
325 1176 0.29986 0.0668254 0.951639 -0.0756151 0.99607 -0.0461192 -0.950981 -0.0581291 0.303735 0.588634 -0.122677 -0.799037
325 1180 0.849896 -0.0602784 0.523492 -0.0440809 0.981821 0.18462 -0.525104 -0.179984 0.831788 0.634283 -0.119616 -0.763791
325 1192 0.60067 0.21366 0.770419 -0.110303 0.976561 -0.184829 -0.791852 0.0260417 0.610158 0.585287 -0.126512 -0.800896
325 1193 0.989402 0.0427187 0.138777 -0.0393039 0.998856 -0.0272556 -0.139782 0.0215123 0.989949 0.345735 -0.135791 -0.928455
325 1203 0.957711 -0.00216573 0.287725 -0.0215445 0.996625 0.0792139 -0.286925 -0.0820629 0.954432 0.28943 -0.153985 -0.944732
325 1211 0.915652 0.0266322 0.401088 -0.0214418 0.999618 -0.0174246 -0.401399 0.00735483 0.915874 0.207217 -0.139872 -0.968244
325 1216 0.145796 0.0211656 0.989088 -0.120791 0.992672 -0.00343714 -0.981913 -0.118972 0.147284 0.307795 -0.132114 -0.942236
325 1217 0.998936 0.0136996 -0.044027 -0.0170625 0.99689 -0.0769365 0.0428361 0.0776059 0.996063 0.998849 -0.0461316 -0.0131708
325 1219 0.999972 0.00119443 0.00735078 -0.00113994 0.999972 -0.00741329 -0.00735943 0.00740471 0.999945 -0.531727 -0.149838 -0.833556
325 1235 0.034032 0.034011 0.998842 -0.108351 0.993656 -0.0301428 -0.99353 -0.107199 0.0375012 0.556501 -0.12498 -0.821393
325 1236 0.999845 0.00101606 0.0175952 -0.0041458 0.983882 0.178769 -0.0171299 -0.178814 0.983734 0.624665 -0.113841 -0.77255
325 1237 0.503193 0.119601 0.855858 -0.0560791 0.992808 -0.105768 -0.862352 0.00522584 0.506282 0.403519 -0.130605 -0.905602
325 1246 0.977036 -0.0333197 -0.210454 0.00307114 0.989797 -0.142449 0.213054 0.138532 0.96717 0.397782 -0.129917 -0.908235
325 1273 0.0212442 -0.0993572 -0.994825 0.0836359 0.991738 -0.0972629 0.99627 -0.0811368 0.0293785 -0.620225 -0.0365057 -0.783574
325 1283 0.19885 0.0875364 0.976113 -0.0878729 0.993584 -0.071202 -0.976082 -0.0716153 0.205266 0.521549 -0.118654 -0.844931
325 1285 0.736477 0.151977 0.65917 -0.0963015 0.988066 -0.120212 -0.669573 0.0250542 0.742324 0.17266 -0.15866 -0.972119
325 1288 0.718467 0.097658 0.688671 -0.0903773 0.994808 -0.0467826 -0.689664 -0.0286285 0.723563 0.78252 -0.10548 -0.613625
325 1289 0.0336914 0.120658 0.992122 -0.101012 0.988014 -0.116728 -0.994315 -0.0962839 0.0454755 0.524265 -0.120792 -0.842945
325 1295 0.999328 -0.0186945 -0.0315387 0.0197294 0.999266 0.032829 0.0309018 -0.0334291 0.998963 0.17402 -0.163483 -0.971077
325 1298 0.699553 0.140341 0.700664 -0.106834 0.990045 -0.0916378 -0.70655 -0.0107498 0.707582 0.798482 -0.102988 -0.593144
325 1303 -0.264295 0.256946 0.929584 -0.96306 -0.0187287 -0.268636 -0.0516151 -0.966244 0.252405 0.491952 -0.132082 -0.860545
325 1307 0.564511 0.0460576 0.82414 -0.0803703 0.996765 -0.000653619 -0.821504 -0.0658674 0.566386 0.631268 -0.117388 -0.766629
325 1311 -0.155837 -0.100009 -0.982707 0.00815583 0.994697 -0.102522 0.987749 -0.0239915 -0.154195 -0.784699 0.0277263 -0.619256
325 1313 0.955641 0.0111251 0.294325 -0.0258512 0.998598 0.0461903 -0.293399 -0.05175 0.954588 0.624919 -0.11699 -0.771874
325 1321 0.991758 -0.00850588 0.127841 -0.000713084 0.997412 0.0718946 -0.128122 -0.0713932 0.989185 -0.157972 -0.183533 -0.970237
325 1323 0.573608 -0.0107691 0.819059 -0.080707 0.994305 0.0695945 -0.815144 -0.106023 0.569472 0.670643 -0.115799 -0.732686
325 1345 0.995141 0.0166924 0.0970386 -0.0198134 0.999314 0.0312877 -0.0964498 -0.0330584 0.994789 0.891735 -0.0549261 -0.449212
325 1350 0.975865 0.0237818 0.217076 -0.0337999 0.998523 0.0425535 -0.215743 -0.0488637 0.975227 -0.97961 0.0439257 0.196046
325 1352 0.804401 0.0668297 0.590315 -0.0785683 0.996892 -0.00579617 -0.588868 -0.0417177 0.807152 0.626802 -0.120622 -0.769785
325 1353 0.909089 0.00599821 0.416559 -0.0332508 0.997751 0.0581986 -0.415273 -0.0667587 0.907244 0.662769 -0.112841 -0.740273
325 1354 0.983576 -0.0104111 0.180195 -0.00115589 0.997951 0.0639676 -0.180492 -0.0631252 0.981549 0.751984 -0.0713394 -0.65531
325 1368 0.19398 -0.0149568 0.980891 -0.0906547 0.995332 0.0331047 -0.976808 -0.0953441 0.191719 0.599431 -0.122519 -0.790994
325 1406 0.999454 0.0204309 0.0259676 -0.0207148 0.999728 0.0107123 -0.0257417 -0.0112443 0.999605 0.779032 -0.0737634 -0.62263
325 1407 0.976671 0.0310953 0.212478 -0.0291916 0.999501 -0.0120916 -0.212748 0.00560692 0.977091 0.712377 -0.106903 -0.693607
325 1420 0.977986 0.0379764 0.205186 -0.0323331 0.999003 -0.0307875 -0.206151 0.0234755 0.978239 0.715262 -0.108162 -0.690436
325 1421 0.984926 0.0294551 0.17045 -0.0337684 0.999177 0.022461 -0.169648 -0.0278782 0.98511 0.598477 -0.123255 -0.791602
325 1431 0.910324 0.102123 0.401101 -0.0468586 0.988281 -0.145274 -0.411237 0.113451 0.904441 0.962416 0.0861858 0.25754
325 1453 0.98703 0.0356805 -0.15652 -0.0071098 0.983747 0.179421 0.160378 -0.175981 0.971241 0.340575 -0.0743099 -0.937276
325 1473 -0.183702 -0.0922022 -0.978648 0.0403729 0.994043 -0.101231 0.982153 -0.0581072 -0.178885 -0.814819 0.0282689 -0.579026
325 1485 -0.173591 -0.218449 -0.960285 -0.0325496 0.975828 -0.216101 0.98428 -0.00625622 -0.176505 -0.802752 -0.0827931 -0.590537
325 1495 0.999163 0.0394971 0.0106209 -0.0394526 0.999212 -0.00436578 -0.010785 0.0039431 0.999934 -0.986309 0.0469006 0.1581
325 1536 0.980297 0.0163462 0.196851 -0.0265495 0.998431 0.0493053 -0.195735 -0.0535601 0.979193 0.9855 0.00325825 0.169645
325 1575 0.976908 0.0284247 0.211761 -0.0259603 0.999559 -0.0144094 -0.212077 0.0085793 0.977215 -0.940996 0.055878 0.333772
818 826 0.8538 -0.0367412 -0.519303 -0.0772629 0.977517 -0.19619 0.514836 0.20763 0.831765 -0.96894 -0.0180724 0.246634
818 842 0.651513 -0.041321 -0.757512 -0.063574 0.99203 -0.108792 0.755969 0.119037 0.643693 -0.999908 0.0132457 -0.00286959
818 851 0.986464 0.0106867 0.16363 0.0202361 0.982313 -0.18615 -0.162725 0.186942 0.9688 0.847741 -0.136943 0.512427
818 853 0.806183 0.0107988 -0.591568 -0.0782182 0.993003 -0.0884681 0.586474 0.117593 0.801387 -0.932219 -0.0396013 0.359722
818 854 0.793784 0.0281279 -0.60755 -0.0914824 0.993087 -0.0735476 0.601281 0.113961 0.790869 -0.985057 0.0139452 -0.171666
818 857 0.991335 -0.0141758 -0.130593 0.00131889 0.995184 -0.0980152 0.131353 0.0969937 0.986579 -0.725636 -0.626572 0.284359
818 876 0.904476 0.0257738 0.425745 0.0554525 0.982595 -0.177291 -0.422904 0.183964 0.887305 0.998051 -0.030757 -0.054301
818 878 0.716347 -0.0311334 -0.697049 -0.0710709 0.990552 -0.117281 0.694115 0.133554 0.707367 -0.992246 0.033347 -0.119734
818 879 -0.22171 -0.173201 0.959607 -0.0611116 0.984632 0.163599 -0.973196 -0.0223716 -0.228887 0.118908 -0.0630732 -0.9909
818 881 0.850316 -0.0357207 -0.525058 -0.03483 0.991687 -0.123873 0.525118 0.123619 0.842003 -0.910134 -0.02728 0.413415
818 906 0.733506 -0.0151929 -0.679514 -0.0153248 0.999126 -0.0388813 0.679511 0.0389332 0.732633 -0.132391 0.0495681 -0.989957
818 928 0.989615 -0.0128412 -0.143167 0.00329988 0.997769 -0.066684 0.143704 0.0655191 0.987449 -0.66186 -0.00881906 -0.749576
818 935 0.88904 0.0277902 0.456986 0.0616552 0.981796 -0.179651 -0.45366 0.187893 0.871142 0.91463 -0.098013 0.39223
818 939 0.999517 -0.010923 0.0291074 0.0104626 0.999818 0.0159232 -0.0292761 -0.015611 0.99945 0.10613 0.0976224 -0.989549
818 944 0.746972 -0.150352 -0.647632 -0.0124005 0.970774 -0.239674 0.66474 0.18706 0.723277 -0.591419 -0.0764919 -0.802728
818 949 0.990077 0.026148 -0.13807 -0.0507188 0.9828 -0.17757 0.131052 0.182811 0.974374 -0.995503 0.0236329 -0.0917393
818 953 0.509194 -0.0118055 -0.860571 -0.121679 0.988875 -0.0855622 0.852007 0.148281 0.502093 -0.988125 0.0348518 -0.149648
818 959 0.797662 -0.073334 -0.59863 -0.0587963 0.978396 -0.198201 0.600232 0.193295 0.776117 -0.978776 0.0320508 -0.202409
818 984 0.778371 -0.0123485 -0.627683 -0.0618766 0.99343 -0.0962751 0.624748 0.113777 0.772493 -0.997381 0.0295901 -0.066002
818 985 0.492086 0.00603498 -0.870526 -0.0867217 0.995342 -0.0421213 0.866217 0.0962207 0.490317 -0.998438 0.0258779 -0.0495231
818 990 0.901157 0.00319032 -0.433482 -0.0737975 0.986505 -0.146156 0.427166 0.163699 0.889231 -0.997163 0.0308277 -0.0686637
818 991 0.0692081 0.0229652 -0.997338 -0.196679 0.980427 0.0089277 0.978022 0.195538 0.0723703 -0.997343 0.00478451 0.0726963
818 997 0.623958 0.0768615 0.777668 0.114682 0.97537 -0.188416 -0.772997 0.206748 0.599776 0.979454 -0.0407043 -0.197517
818 998 0.658817 0.088129 -0.747123 0.0405335 0.987514 0.152228 0.75121 -0.130574 0.647019 -0.765056 0.0257122 -0.64345
818 1001 0.847633 0.0335382 0.529522 0.00825067 0.997046 -0.076357 -0.530519 0.0690916 0.844853 0.987119 -0.048148 -0.152569
818 1007 0.46222 0.179599 -0.868387 -0.0928936 0.983694 0.154001 0.881886 0.00948512 0.471367 -0.973894 0.000233092 0.227001
818 1008 0.827443 0.0644459 -0.55784 -0.0747952 0.99719 0.00425927 0.556547 0.0381994 0.829938 -0.96988 -0.00184901 0.243578
818 1014 0.294334 0.0942435 -0.951044 -0.114403 0.991445 0.0628408 0.94883 0.0903065 0.302598 -0.974499 -0.00368432 0.224363
818 1018 0.568242 -0.079261 -0.819036 -0.0845672 0.984454 -0.153941 0.818505 0.156739 0.552705 -0.974194 -0.00922487 -0.225522
818 1056 0.773258 0.03301 -0.633232 -0.0725646 0.99669 -0.0366538 0.629926 0.0742931 0.773093 -0.980957 0.00447701 0.194176
818 1082 0.689259 0.0976529 -0.717903 -0.0770839 0.995135 0.061355 0.720402 0.0130493 0.693434 -0.95579 -0.010028 0.293881
818 1127 0.526242 0.0232173 -0.850018 -0.123878 0.991056 -0.0496229 0.841264 0.131412 0.524411 -0.962877 -0.00776304 0.269827
818 1139 0.716698 -0.0728516 -0.693568 -0.0802082 0.979318 -0.185749 0.692756 0.188756 0.696032 -0.968897 -0.00984948 0.247267
818 1140 0.240308 -0.0187533 -0.970516 -0.0989857 0.994128 -0.0437194 0.965637 0.106573 0.237041 -0.985909 0.0372295 -0.163084
818 1145 0.218226 -0.0139845 -0.975798 -0.0937097 0.994977 -0.0352165 0.971389 0.0991269 0.21582 -0.976094 0.000792021 0.217345
818 1161 0.972546 0.0580461 0.225353 0.000628703 0.967732 -0.25198 -0.232708 0.245204 0.941128 0.916874 -0.11296 0.38286
818 1162 0.962307 0.0437895 -0.268418 -0.122426 0.95105 -0.283754 0.242853 0.305919 0.920563 0.277457 -0.195805 0.940573
818 1163 0.763329 0.0111261 -0.645914 -0.0771513 0.994266 -0.0740495 0.641386 0.106357 0.75981 -0.999323 -0.00164104 -0.0367616
818 1167 0.490613 -0.114247 -0.863856 -0.0587657 0.984773 -0.163613 0.869394 0.131036 0.476428 -0.996875 0.0381409 -0.0691702
818 1168 0.599205 -0.104588 -0.793734 -0.0967066 0.974715 -0.201441 0.794733 0.197464 0.57394 -0.999573 0.0216749 -0.0196081
818 1173 0.959796 -0.0321678 -0.278848 -0.024385 0.980101 -0.196997 0.279636 0.195877 0.939913 -0.526556 -0.0747679 0.846846
818 1176 0.945712 0.00339301 0.324988 0.0646509 0.977998 -0.198344 -0.318511 0.208587 0.924685 0.921424 -0.10895 0.372971
818 1180 0.928628 0.0304697 -0.369759 -0.0453397 0.998472 -0.0315895 0.368232 0.0460996 0.928591 0.648965 -0.167551 0.74214
818 1192 0.999549 0.0239022 0.0181874 -0.0149879 0.921702 -0.38761 -0.0260281 0.387162 0.921644 0.887709 -0.137131 0.439509
818 1193 0.708908 -0.0738652 -0.701422 -0.109076 0.971054 -0.2125 0.696815 0.227151 0.680332 -0.952914 -0.0633472 0.296551
818 1203 0.837332 -0.0135003 -0.546527 -0.0535106 0.992871 -0.106509 0.544069 0.118429 0.83064 -0.940129 -0.190043 0.282914
818 1208 0.438686 -0.055815 -0.896905 -0.120992 0.985313 -0.120495 0.890458 0.161379 0.42549 -0.993717 0.00842178 0.111602
818 1216 0.858472 0.0180766 0.512542 0.0540868 0.990615 -0.125529 -0.51 0.135485 0.849437 0.875552 -0.109309 -0.470596
818 1217 0.744771 -0.0382168 -0.666225 -0.0768513 0.986804 -0.142518 0.66288 0.157344 0.732006 -0.983815 0.0363246 -0.175469
818 1219 0.63432 -0.082743 -0.76863 -0.0890125 0.979826 -0.178936 0.767929 0.181921 0.614157 -0.999952 0.00486752 0.00847703
818 1235 0.896807 0.0186132 0.442031 0.0513558 0.987981 -0.145795 -0.439432 0.15345 0.885072 0.916219 -0.108206 0.38579
818 1248 0.98378 0.00750223 0.179222 0.0328187 0.974733 -0.220949 -0.176351 0.223247 0.958677 0.678616 -0.106765 -0.726692
818 1268 0.526803 -0.136754 -0.838914 -0.0937284 0.971607 -0.217243 0.844804 0.193074 0.499028 -0.976594 0.0379046 -0.211725
818 1273 0.893442 0.0336748 0.447915 0.0601904 0.979217 -0.193679 -0.445128 0.200001 0.872846 0.613404 -0.128115 0.779308
818 1283 0.905108 0.046426 0.42264 0.0307927 0.984253 -0.174062 -0.424066 0.170559 0.889425 0.999337 -0.0361403 0.00432322
818 1285 0.986897 -0.0136719 -0.160769 -0.0402572 0.944027 -0.327404 0.156247 0.329586 0.931107 -0.875708 -0.076791 -0.476695
818 1287 0.996913 -0.0150947 -0.0770531 -0.0122875 0.939263 -0.342978 0.0775503 0.342866 0.936178 -0.14019 -0.125115 0.982188
818 1288 0.982002 -0.00436145 -0.188822 -0.0437324 0.967314 -0.249781 0.18374 0.253542 0.949713 -0.283656 -0.156446 0.946078
818 1289 0.845594 0.0634525 0.530043 0.070419 0.970975 -0.22858 -0.529162 0.230611 0.816582 0.994435 -0.054417 0.0902153
818 1295 0.50867 -0.0787947 -0.857348 -0.0945712 0.984664 -0.146606 0.855751 0.155654 0.493418 -0.869368 -0.0761423 -0.488264
818 1297 0.985734 0.0169317 0.16746 -0.0998868 0.859631 0.501057 -0.13547 -0.510635 0.849058 -0.121639 -0.0761638 -0.989648
818 1298 0.99006 0.00679425 -0.140483 -0.0487928 0.953393 -0.297759 0.131912 0.301654 0.944247 -0.286544 -0.154556 0.945518
818 1307 0.998782 0.00234033 -0.0492967 -0.0129707 0.976207 -0.21645 0.0476173 0.216826 0.975048 0.764686 -0.159724 0.624294
818 1311 0.574429 0.0359831 -0.817763 0.00635236 0.998807 0.0484116 0.81853 -0.0330038 0.573516 -0.637608 -0.0173654 -0.770166
818 1320 0.982944 0.0235907 0.182389 0.0159787 0.977033 -0.212487 -0.183213 0.211777 0.959992 -0.961829 -0.072405 0.263897
818 1321 0.694637 -0.038607 -0.718323 -0.0738657 0.989453 -0.124609 0.715558 0.139618 0.684459 -0.957493 -0.0173245 -0.287935
818 1323 0.996201 -0.00179954 0.087066 0.0134791 0.990924 -0.133746 -0.086035 0.134412 0.987184 0.795025 -0.142834 0.58952
818 1345 0.673404 -0.0405412 -0.738162 -0.110514 0.981755 -0.154739 0.730967 0.185779 0.656638 -0.928786 -0.0239811 0.36984
818 1350 0.820504 -0.0292197 -0.570895 -0.0784897 0.983475 -0.163144 0.566228 0.17867 0.804651 -0.99889 0.0336349 -0.0329618
818 1352 0.965422 -0.0135072 -0.26034 -0.0454982 0.974599 -0.219286 0.256689 0.223549 0.940285 -0.759902 -0.0934703 0.643283
818 1354 0.733818 -0.044347 -0.677897 -0.0647156 0.988766 -0.134738 0.676257 0.142743 0.722704 -0.931757 -0.0256161 0.362179
818 1368 0.894942 -0.0144766 0.445946 0.0646207 0.993141 -0.0974434 -0.441477 0.116023 0.88974 0.931804 -0.108467 0.346375
818 1377 0.968281 -0.0045079 -0.249825 -0.0515838 0.974693 -0.217517 0.244483 0.223505 0.943543 -0.989684 0.0336572 -0.13926
818 1406 0.999289 -0.0193932 0.0323212 0.0276117 0.960338 -0.277468 -0.0256583 0.278163 0.960191 0.623776 -0.169437 0.763017
818 1418 0.963388 -0.0464022 -0.264066 -0.0332207 0.95666 -0.289305 0.266046 0.287485 0.920094 -0.914029 -0.0478419 0.402818
818 1419 0.966829 -0.0377902 -0.252613 -0.0142658 0.979462 -0.201125 0.255025 0.198057 0.946433 -0.943118 -0.0225724 0.331691
818 1431 0.830096 -0.13106 -0.541999 -0.0637172 0.943327 -0.32569 0.553968 0.304889 0.774702 -0.637274 -0.027869 0.770133
818 1432 0.753282 -0.0614968 0.654816 -0.15051 0.95308 0.26265 -0.640244 -0.296406 0.708682 -0.000133876 -0.248524 -0.968626
818 1434 0.983085 -0.174175 -0.0566347 0.171326 0.983852 -0.0518012 0.0647426 0.041222 0.99705 0.249071 0.354369 -0.901325
818 1444 0.917864 0.0352675 -0.395324 -0.0818854 0.991442 -0.101673 0.388355 0.125694 0.912897 -0.999484 0.0143435 -0.0287494
818 1453 -0.691298 0.110476 -0.714075 -0.120462 0.956792 0.264647 0.712458 0.268969 -0.64812 -0.566296 0.204179 -0.798511
818 1473 0.686243 0.0215029 0.727055 0.0978342 0.987751 -0.121555 -0.720763 0.154548 0.675734 0.988339 -0.0505278 -0.143639
818 1495 0.634854 -0.0564989 -0.770564 -0.139376 0.972587 -0.186141 0.759957 0.22557 0.609576 -0.931625 -0.0257931 0.362505
818 1536 0.692354 -0.027766 -0.721023 -0.0931217 0.987465 -0.127445 0.715524 0.15538 0.68109 -0.931296 -0.0204171 0.363692
818 1575 0.769269 -0.0750336 -0.634504 -0.0913771 0.969951 -0.225487 0.632357 0.23144 0.739297 -0.999646 0.0233468 -0.0127865
589 681 0.920312 -0.000385052 -0.391185 -0.0756197 0.980962 -0.17887 0.383807 0.194198 0.902762 -0.988641 -0.138469 0.0584443
589 688 0.998867 0.00505944 0.0473113 -0.00566038 0.999905 0.0125765 -0.0472432 -0.0128301 0.998801 0.0998505 0.117695 0.988017
589 696 0.990724 0.00353644 0.135842 0.00156072 0.999299 -0.0373978 -0.135879 0.0372629 0.990024 0.1244 0.0397076 0.991437
589 698 0.935561 0.0510584 0.349455 -0.0314403 0.997606 -0.0615872 -0.351763 0.0466316 0.934927 0.893262 -0.0514699 0.44658
589 875 0.92981 0.0218532 -0.367391 -0.00182469 0.998497 0.0547746 0.368036 -0.0502596 0.928452 -0.972086 0.141396 -0.187232
589 950 0.961516 0.0519583 0.269793 -0.0400553 0.997973 -0.0494423 -0.271815 0.0367329 0.961648 0.742852 -0.0360249 0.668486
589 956 0.76517 -0.121356 0.632287 -0.0252286 0.975669 0.217793 -0.643333 -0.1826 0.743491 0.733638 0.0456234 0.678007
589 958 0.986732 -0.018463 0.161307 0.00742007 0.997603 0.0687952 -0.16219 -0.0666855 0.984504 0.863935 -0.0301495 0.502699
589 1345 0.196463 0.128879 0.972004 0.139402 0.977583 -0.157795 -0.970551 0.1665 0.174093 0.899518 -0.112516 -0.422147
589 1390 0.914182 -0.0328497 -0.40397 0.052993 0.997842 0.0387813 0.401824 -0.0568609 0.91395 -0.957491 0.0880768 0.274689
589 1406 0.999817 0.0190101 0.00201948 -0.0190118 0.999819 0.000820523 -0.00200352 -0.000858767 0.999998 0.0120285 0.0984145 0.995073
589 1455 0.952909 0.0123614 0.303004 -0.0163408 0.99981 0.0106014 -0.302815 -0.0150535 0.95293 0.573546 -0.0709371 -0.816096
589 1456 0.993427 -0.0275837 -0.111092 0.045763 0.985301 0.164584 0.10492 -0.168586 0.980087 -0.542566 -0.0691057 -0.837166
589 1458 0.607925 0.0656499 0.791275 0.069681 0.988319 -0.135533 -0.790931 0.137531 0.59625 0.963345 -0.136224 -0.231106
589 1495 0.999115 0.0297555 -0.0297266 -0.0297674 0.999557 4.31618e-05 0.0297147 0.000841757 0.999558 -0.0383813 0.121999 0.991788
589 1512 0.999156 -0.0050438 0.0407718 0.00434156 0.999841 0.0172936 -0.0408526 -0.017102 0.999019 0.752042 0.0503435 0.65719
589 1536 0.999057 0.0150551 0.0407327 -0.016964 0.998754 0.0469323 -0.0399754 -0.047579 0.998067 -0.0313385 0.098994 0.994594
721 722 0.975597 -0.0658101 -0.209473 -0.000878034 0.952849 -0.303444 0.219567 0.296224 0.929539 0.768321 -0.0194637 -0.639768
721 757 0.990561 -0.00755383 -0.136864 0.0227684 0.993677 0.109944 0.135168 -0.112023 0.98447 0.997675 0.0631347 -0.0256804
721 758 0.976231 0.0162512 -0.216122 -0.0186641 0.999784 -0.00912793 0.215927 0.0129447 0.976324 0.979222 0.0488469 -0.196821
721 759 0.978998 0.0081565 -0.203707 -0.0105136 0.99989 -0.0104916 0.203599 0.012413 0.978976 0.988868 0.0599192 -0.136196
721 760 0.979224 0.00953244 -0.202558 -0.011931 0.999872 -0.0106238 0.202431 0.0128197 0.979213 0.99328 0.0719119 -0.090681
721 762 0.967532 -0.103813 -0.230442 0.00887119 0.925139 -0.379525 0.252591 0.365158 0.896023 0.724923 0.00614016 -0.688803
721 786 0.995067 0.0440725 0.0888731 -0.0362441 0.995474 -0.0878521 -0.0923427 0.0841977 0.992161 0.754757 -0.045435 -0.65443
721 798 0.854341 1.30525e-05 -0.519712 -0.00790202 0.999885 -0.0129648 0.519652 0.0151831 0.854243 -0.949272 0.058433 -0.308979
721 844 0.595913 0.00344359 -0.803042 -0.0608449 0.99731 -0.0408745 0.800741 0.0732186 0.594519 -0.996415 0.0674194 0.0511092
721 851 0.589629 0.0644221 0.805101 -0.024323 0.997778 -0.0620262 -0.807308 0.0169899 0.589886 0.537319 -0.0353488 -0.842638
721 853 0.978141 -0.00803637 0.207785 0.00779653 0.999968 0.00197318 -0.207794 -0.00031005 0.978172 -0.762153 0.021619 0.647036
721 858 0.578661 0.104679 0.808822 0.00357096 0.991394 -0.130863 -0.81556 0.0786134 0.573307 0.784814 -0.0622342 -0.616599
721 876 0.188799 0.109143 0.975932 0.0201982 0.993163 -0.114978 -0.981808 0.0414197 0.185304 0.312845 -0.0287593 -0.949369
721 906 0.932126 0.0521472 -0.35836 -0.0811586 0.994488 -0.0663866 0.352922 0.0909647 0.93122 -0.997701 -0.060383 -0.0307598
721 907 0.950441 0.0260097 0.309814 0.00625158 0.994694 -0.102686 -0.310841 0.0995336 0.945236 0.156125 -0.0376901 -0.987018
721 931 0.728609 0.116644 0.674924 -0.0198794 0.988578 -0.149391 -0.684641 0.0954303 0.722606 0.777787 -0.0643509 -0.625225
721 951 -0.359547 -0.00380856 -0.933119 0.109575 0.992901 -0.0462738 0.926671 -0.118884 -0.356577 -0.777944 -0.0635145 -0.625115
721 991 0.796171 0.0684475 -0.601189 -0.0598307 0.997617 0.0343468 0.602108 0.00862366 0.798369 -0.802608 0.0527344 0.594171
721 995 0.955797 0.0821341 0.282321 -0.068618 0.995987 -0.0574511 -0.285907 0.0355393 0.957598 0.698581 -0.0644474 -0.712622
721 998 0.909657 -0.066784 0.409955 0.0570351 0.997724 0.0359786 -0.411425 -0.00934637 0.911396 0.96139 0.0647498 0.267462
721 999 -0.0242528 0.837339 0.546145 -0.998977 0.000562954 -0.0452248 -0.038176 -0.546683 0.836469 -0.00657303 -0.041901 -0.9991
721 1001 -0.603406 -0.0399734 -0.796432 0.0101766 0.998275 -0.0578143 0.797369 -0.0429905 -0.601958 -0.799544 -0.0104776 -0.600516
721 1003 0.262656 0.104934 0.959167 -0.0119925 0.994347 -0.105498 -0.964815 0.016207 0.262429 0.463406 -0.0341064 -0.88549
721 1004 0.829411 0.0516909 0.556241 -0.0317583 0.998463 -0.0454312 -0.557734 0.0200159 0.829778 0.799563 -0.0418323 -0.599124
721 1014 0.931359 0.064474 -0.358349 -0.0242726 0.993002 0.115576 0.363293 -0.0989442 0.926406 -0.650901 0.0605145 0.756747
721 1018 0.98376 -0.0103946 -0.179189 -0.00105341 0.99797 -0.0636745 0.179487 0.0628291 0.981752 -0.954448 0.0410596 0.295539
721 1019 0.647518 -0.01507 -0.761901 -0.00914932 0.999579 -0.0275469 0.761995 0.024808 0.647108 -0.944476 0.00327087 -0.328565
721 1140 0.921016 -0.0139007 -0.389277 0.0148645 0.999889 -0.000536265 0.389242 -0.0052925 0.92112 -0.840066 0.0499003 0.540184
721 1143 0.942768 -0.00559621 -0.333402 -0.0112105 0.998762 -0.0484645 0.33326 0.0494284 0.941538 -0.88237 0.0459761 -0.468305
721 1159 0.993146 -0.00969591 -0.116475 0.00616973 0.999513 -0.0305966 0.116715 0.0296683 0.992722 -0.778003 0.0409874 0.626922
721 1161 0.475914 0.170121 0.862882 -0.0509466 0.984799 -0.166058 -0.878015 0.0350685 0.477347 0.548367 -0.0628804 -0.83387
721 1166 0.996884 0.0458082 0.0642208 -0.048401 0.99805 0.0394158 -0.06229 -0.0424014 0.997157 -0.973128 -0.228688 -0.0268997
721 1178 0.869284 0.074565 0.488656 -0.023808 0.993726 -0.109282 -0.493739 0.0833629 0.865605 0.149447 -0.0474096 -0.987632
721 1180 0.901465 -0.0252498 0.432114 -0.0158407 0.995704 0.0912284 -0.432561 -0.0890843 0.897193 -0.974213 0.0906995 -0.206598
721 1192 0.703561 0.219677 0.675828 -0.0598954 0.965968 -0.251634 -0.708106 0.136561 0.692775 0.385206 -0.0395332 -0.921983
721 1193 0.998192 0.0580995 -0.0154106 -0.0595483 0.990758 -0.121872 0.00818752 0.122569 0.992426 -0.927842 0.0627267 0.367661
721 1203 0.985266 0.0158419 0.170291 -0.0122011 0.999675 -0.0224054 -0.17059 0.0199975 0.985139 -0.975045 0.0320691 0.219679
721 1214 0.996252 0.0261449 0.0824586 -0.01556 0.991846 -0.126487 -0.0850932 0.12473 0.988535 -0.588597 0.0503831 0.806855
721 1219 0.999504 0.0265892 0.0168631 -0.0248053 0.99484 -0.0983787 -0.0193918 0.0979116 0.995006 -0.769119 0.0476614 0.637326
721 1223 0.790424 0.0130196 -0.612423 0.022138 0.998514 0.0498001 0.612161 -0.052921 0.788961 -0.996214 0.0415084 -0.0763914
721 1236 0.991249 0.0440634 -0.124431 -0.0340053 0.996066 0.0818311 0.127547 -0.0768837 0.988848 -0.666687 0.0679603 0.742233
721 1237 0.57764 0.136494 0.804798 0.00991351 0.984675 -0.174117 -0.816231 0.108555 0.567435 0.089818 -0.0414802 -0.995094
721 1246 0.909554 -0.0555194 -0.411859 -0.023639 0.98252 -0.18465 0.414912 0.177685 0.892343 -0.989345 0.0817632 -0.120463
721 1283 0.252425 0.110913 0.961238 0.00468522 0.993257 -0.115838 -0.967605 0.0337442 0.250204 0.429521 -0.0301005 -0.902555
721 1289 0.195164 0.145432 0.969928 -0.0168858 0.989297 -0.144939 -0.980625 0.0119089 0.195531 0.45164 -0.0351926 -0.891506
721 1295 0.989505 0.000430828 -0.144495 -0.0115475 0.997033 -0.0761049 0.144033 0.0769747 0.986575 -0.98471 0.0227474 0.172709
721 1303 -0.261889 0.164661 0.950947 -0.962402 0.0290348 -0.270071 -0.0720809 -0.985923 0.150867 0.312378 -0.029211 -0.949509
721 1307 0.606091 0.06765 0.792513 -0.0156967 0.9972 -0.073118 -0.79524 0.0318763 0.605456 0.78575 -0.0248635 -0.618044
721 1311 -0.140003 0.036316 0.989485 0.0103757 0.999326 -0.0352091 -0.990097 0.00533722 -0.140285 0.33214 -0.0276195 -0.942826
721 1312 -0.469953 0.20327 0.858968 0.0243441 0.975738 -0.217584 -0.882356 -0.0813435 -0.4635 0.480931 -0.0465257 -0.875523
721 1313 0.986152 0.0297892 0.163147 -0.0225995 0.998697 -0.0457492 -0.164298 0.0414286 0.985541 0.733856 -0.0254879 -0.678826
721 1319 0.876851 0.0340773 -0.479553 -0.0190683 0.999165 0.0361355 0.480384 -0.0225412 0.876768 -0.853684 0.0264068 -0.520121
721 1321 0.992661 0.0180062 0.119581 -0.0142005 0.999368 -0.0326014 -0.120092 0.030664 0.992289 -0.891267 0.0369369 0.451972
721 1323 0.694122 0.0139067 0.719723 -0.0150697 0.999875 -0.0047863 -0.7197 -0.00752373 0.694244 0.902899 -0.052696 -0.42661
721 1337 0.597374 -0.0212348 0.801681 -0.10161 0.989589 0.101927 -0.795499 -0.142347 0.588997 0.339988 -0.0363346 -0.939728
721 1345 0.994996 -0.0294331 0.0954765 0.0245882 0.998369 0.0515305 -0.0968375 -0.048925 0.994097 0.726442 -0.104058 -0.679304
721 1353 0.963323 0.0291734 0.266755 -0.0199734 0.999111 -0.0371378 -0.267601 0.0304476 0.963049 0.998734 -0.0315855 0.0391381
