2286 2287 0.607758 0.197589 0.769149 -0.279778 0.959727 -0.0254754 -0.743206 -0.199707 0.638563 0.994403 0.0359281 -0.0993526
2286 2288 0.667043 0.222999 0.710862 -0.235227 0.968385 -0.0830577 -0.70691 -0.111811 0.69841 0.99028 0.0682401 -0.121195
2286 2348 0.896388 -0.152454 -0.41623 0.126348 0.987918 -0.0897454 0.424883 0.0278569 0.90482 -0.815695 0.15075 0.558495
2286 2373 0.99903 0.0348567 0.0269178 -0.0209282 0.91353 -0.406231 -0.03875 0.405273 0.913373 0.283808 0.0210003 0.958651
2286 2387 0.75498 0.2165 0.618976 -0.124956 0.974128 -0.18831 -0.643732 0.0648262 0.762501 -0.167826 -0.339413 -0.925545
2286 2432 0.975366 0.0644416 0.210968 -0.0394257 0.991905 -0.120707 -0.217039 0.109416 0.970011 0.347797 -0.248983 -0.903905
2286 2489 0.549281 0.230654 0.803175 -0.296293 0.952462 -0.0708953 -0.781346 -0.199034 0.59151 -0.0729857 -0.305408 -0.94942
2286 2491 0.671947 0.30736 0.673808 -0.444276 0.895218 0.0346914 -0.592543 -0.322668 0.738091 0.82158 0.0958625 -0.561976
2286 2494 -0.0610713 -0.9916 -0.11402 0.996516 -0.0670737 0.0495685 -0.0567999 -0.110596 0.992241 -0.283736 0.346048 0.894284
2286 2505 0.272954 0.148142 0.950552 -0.350583 0.935444 -0.0451166 -0.895873 -0.320932 0.30727 0.954213 -0.00933963 -0.298981
2286 2507 0.644885 0.34282 0.68308 -0.220658 0.939211 -0.263045 -0.731734 0.0189075 0.681328 0.9882 -0.0153059 -0.152403
2286 2508 0.489859 0.127661 0.862404 -0.266947 0.963669 0.00897835 -0.829926 -0.234614 0.506141 0.959067 -0.0231409 -0.282234
2286 2567 0.459357 0.0792055 0.884713 -0.265533 0.962716 0.05168 -0.847634 -0.25866 0.463262 0.996929 0.0472008 -0.0624832
2286 2572 0.431447 0.178239 0.884355 -0.224116 0.970733 -0.0863096 -0.873856 -0.16096 0.458767 0.870141 -0.097153 -0.483132
2286 2602 0.990714 -0.134603 -0.0191766 0.113448 0.896127 -0.429052 0.0749363 0.422892 0.903077 -0.15615 -0.026789 0.98737
2286 2603 0.975232 -0.120173 -0.185692 0.0696966 0.963721 -0.257651 0.209918 0.238327 0.948227 -0.089853 0.862502 -0.498013
2286 2604 0.983802 -0.125514 -0.127985 0.109621 0.986149 -0.124475 0.141836 0.108428 0.983934 -0.328638 0.470644 0.818835
2286 2622 0.972323 -0.176889 -0.152635 0.10632 0.916724 -0.385115 0.208047 0.358228 0.910159 -0.574051 -0.205377 -0.792645
2286 2623 0.997673 0.00816363 -0.0676835 -0.0420914 0.854742 -0.517344 0.0536285 0.518989 0.853097 -0.372172 -0.179388 -0.910663
2286 2658 0.76431 0.0207734 -0.644514 0.106787 0.981604 0.158274 0.635945 -0.189796 0.748031 -0.853644 0.503615 0.132907
2286 2708 0.568809 0.434358 0.698419 -0.261906 0.900626 -0.34681 -0.779655 0.014348 0.626044 0.607848 -0.190798 -0.77079
2286 2712 0.397614 0.201542 0.895145 -0.311773 0.947209 -0.0747784 -0.86296 -0.249349 0.439459 0.997959 0.058231 -0.0261942
2286 2728 0.529791 0.408065 0.743508 -0.258775 0.912618 -0.316487 -0.807686 -0.0247297 0.589095 0.985173 -0.00189993 -0.171553
2286 2731 0.999278 -0.0305416 0.0226005 0.0298385 0.99908 0.0308149 -0.0235208 -0.0301183 0.99927 0.0691287 0.901606 -0.426998
2286 2742 0.396248 0.166408 0.902937 -0.315066 0.948367 -0.0365157 -0.862392 -0.270016 0.428218 0.869556 -0.0709425 -0.488712
2286 2743 0.867014 0.137164 0.479033 -0.118306 0.990542 -0.0695012 -0.484035 0.00358601 0.875041 0.895101 -0.0707172 -0.440219
2286 2744 0.912811 0.318811 0.255218 -0.181193 0.876239 -0.446513 -0.365985 0.361338 0.857607 0.993249 -0.00164951 -0.115989
2286 2766 0.668707 0.56212 0.486674 -0.464696 0.82693 -0.316615 -0.580421 -0.0144322 0.814189 0.69474 -0.253016 -0.67329
2286 2767 0.290731 0.51527 0.806209 -0.413887 0.827419 -0.379572 -0.862655 -0.223327 0.45382 0.880676 -0.0482372 -0.471256
2286 2810 0.877164 -0.343745 -0.335294 0.210061 0.902583 -0.375792 0.431807 0.259199 0.863921 -0.915387 -0.151801 -0.372858
2286 2811 0.826954 -0.23566 -0.510502 0.232906 0.969943 -0.0704676 0.511764 -0.0606251 0.856985 -0.40896 -0.251183 -0.877302
2286 2813 0.618874 0.210219 0.756838 -0.218747 0.971531 -0.0909814 -0.754417 -0.10925 0.64724 0.996283 0.0516427 -0.0689506
2286 2882 0.91479 -0.120202 -0.385631 0.179075 0.976435 0.120443 0.362067 -0.179237 0.914758 -0.388474 0.199365 0.899634
2286 2893 0.990397 -0.0996794 -0.0958002 0.0722835 0.964028 -0.255785 0.11785 0.246403 0.961975 -0.566362 -0.25402 -0.784033
2286 2919 0.600988 0.553561 0.576526 -0.318685 0.827474 -0.462305 -0.732975 0.0941098 0.673714 0.948383 -0.0955806 -0.30238
2286 2920 0.998689 -0.0475485 0.0189775 0.0443859 0.988888 0.141881 -0.0255128 -0.140852 0.989702 0.0933438 0.202203 0.974885
2286 2960 0.992133 0.106172 0.0663347 -0.0645886 0.888006 -0.455273 -0.107242 0.447407 0.887877 0.958689 0.28443 0.00399906
2286 2962 0.503722 0.332007 0.797519 -0.269737 0.937488 -0.219907 -0.820674 -0.104348 0.561787 0.750315 0.022248 -0.660706
2286 2982 0.967251 0.139323 0.212169 -0.0363896 0.903371 -0.427314 -0.251201 0.405599 0.878856 0.825848 0.00756038 -0.563842
2286 2996 0.975741 0.0580878 0.211082 -0.040274 0.995329 -0.0877365 -0.215192 0.077107 0.973523 0.625147 -0.179841 -0.759506
2286 3005 0.560647 0.256589 0.787297 -0.299818 0.94917 -0.0958409 -0.771871 -0.182312 0.60908 0.994138 0.107814 -0.00807016
2286 3022 0.945213 -0.121614 0.302957 -0.024205 0.899359 0.436541 -0.325557 -0.419957 0.847141 -0.679528 -0.101548 -0.726587
2286 3023 0.994858 -0.0915288 -0.0433529 0.088482 0.993779 -0.0676365 0.049274 0.0634528 0.996768 -0.271573 0.385991 0.881623
2286 3037 0.991552 -0.0959967 -0.0872272 0.106578 0.986277 0.12609 0.0739259 -0.134322 0.988176 -0.302189 0.358554 0.883244
2286 3052 0.928154 -0.14097 -0.344467 0.168961 0.984225 0.0524737 0.331636 -0.106905 0.937331 -0.406679 0.3085 0.859907
2286 3053 0.909806 -0.0209352 0.414507 -0.119344 0.943349 0.309595 -0.397506 -0.331141 0.855766 -0.0983909 -0.306619 -0.946733
2286 3055 0.948838 0.195188 0.248212 -0.126741 0.955383 -0.266796 -0.289213 0.221688 0.931242 0.692326 -0.176276 -0.699723
2286 3079 0.577926 0.371501 0.726628 -0.348351 0.917486 -0.192018 -0.738007 -0.142149 0.659652 0.927243 -0.0302006 -0.373241
2286 3119 0.323371 0.284586 0.902464 -0.330321 0.92766 -0.17417 -0.886746 -0.241781 0.393983 0.910353 -0.086905 -0.404605
2286 3182 0.947049 -0.22322 -0.230805 0.146068 0.939642 -0.309414 0.285941 0.259318 0.922492 -0.715229 0.0220832 -0.698542
2286 3200 0.988037 -0.0776364 -0.133245 0.0800248 0.996712 0.0126558 0.131825 -0.0231673 0.991002 -0.285668 0.306475 0.908002
2286 3227 0.803507 0.189233 0.564418 -0.0763266 0.973054 -0.217579 -0.590382 0.131746 0.796299 0.284315 0.16031 0.945233
2286 3252 -0.0667318 -0.881023 -0.468344 0.991229 -0.112199 0.069828 -0.114068 -0.459577 0.880783 0.334614 -0.317582 -0.887229
2286 3257 0.937801 -0.319209 -0.136511 0.347102 0.854039 0.387477 -0.00710052 -0.410759 0.911716 0.160321 0.0845387 0.983438
2286 3284 0.637415 0.194582 0.745547 -0.221321 0.97305 -0.0647379 -0.738051 -0.12374 0.663302 0.973279 -0.0266622 -0.228073
2286 3285 0.66189 0.341384 0.667352 -0.260515 0.939543 -0.22224 -0.702875 -0.0267577 0.71081 0.988167 -0.00435304 -0.153323
2286 3286 0.459006 0.456906 0.761939 -0.307472 0.886319 -0.346265 -0.833531 -0.0753381 0.547312 0.980646 -0.0524869 -0.188623
2286 3344 0.976752 -0.117961 -0.178996 0.0685545 0.963023 -0.260554 0.203112 0.242225 0.948721 -0.634513 -0.18195 -0.75119
2286 3346 0.789076 -0.0468933 0.612504 -0.169398 0.941811 0.290337 -0.590478 -0.332855 0.735217 0.988742 -0.0318864 -0.146196
2286 3353 0.990136 -0.114506 -0.0807471 0.11371 0.99341 -0.0144088 0.0818648 0.00508499 0.996631 -0.266113 0.351419 0.897601
2286 3354 0.798082 -0.239151 -0.553056 0.25581 0.965516 -0.0483618 0.545551 -0.102881 0.831739 -0.937666 0.0855225 0.33685
2286 3355 0.111548 0.0551122 0.99223 -0.303177 0.952748 -0.0188356 -0.946383 -0.29872 0.122986 0.99934 0.00703738 -0.0356375
2286 3356 0.54459 0.169178 0.821462 -0.179575 0.980251 -0.0828307 -0.819252 -0.102405 0.564215 0.996725 0.0358864 -0.0724726
2286 3357 0.685517 0.168344 0.708326 -0.165745 0.983439 -0.0733204 -0.708939 -0.0671388 0.702067 0.99152 0.0505158 -0.11973
2318 2605 0.976893 -0.00990584 0.213498 -0.00401664 0.997898 0.0646791 -0.21369 -0.0640421 0.9748 -0.027979 -0.393806 -0.918768
2318 2607 0.978623 0.064767 0.195199 -0.0282052 0.982416 -0.18456 -0.20372 0.175109 0.963242 0.320682 0.946502 -0.0359997
2318 2644 0.983477 -0.00730545 0.180884 -0.0119142 0.994407 0.104939 -0.180639 -0.105361 0.97789 -0.497112 -0.270091 -0.824579
2318 2715 0.996865 0.0365828 0.0701587 -0.0355132 0.999234 -0.016434 -0.0707062 0.0138909 0.9974 0.883987 0.405903 -0.23197
2318 2947 0.955449 0.014951 0.294776 0.00429075 0.997907 -0.0645213 -0.295124 0.0629117 0.953386 0.672999 0.0068684 -0.739612
2318 2948 0.984332 -0.00482347 0.176257 0.014612 0.998419 -0.0542799 -0.175717 0.0560049 0.982846 -0.725588 0.0243 -0.687701
2318 2950 0.99759 0.000729226 0.0693827 -0.00112887 0.999983 0.00572095 -0.0693774 -0.00578548 0.997574 0.839971 -0.00478011 -0.54261
2318 2954 0.98319 0.0248912 0.180882 -0.0166938 0.998769 -0.0467008 -0.181822 0.0428961 0.982395 -0.989907 -0.00250323 0.141698
2318 2955 0.990666 0.0267303 0.133668 -0.0205274 0.998657 -0.0475706 -0.134761 0.0443827 0.989884 -0.714384 0.0312447 -0.699056
2318 2977 0.967988 0.00220212 0.250987 0.0204348 0.99595 -0.0875498 -0.250164 0.0898761 0.964023 0.732749 0.00447138 -0.680485
2318 2988 0.996898 0.02284 0.0753145 -0.0167376 0.996599 -0.0806829 -0.0769012 0.079172 0.99389 -0.966039 -0.020519 -0.25758
2318 3016 0.985065 -0.00575289 0.172086 -0.0115223 0.994999 0.0992199 -0.171796 -0.0997209 0.980072 -0.338582 -0.040212 -0.940077
2318 3193 0.942745 0.0427676 0.330762 -0.0164292 0.996495 -0.0820205 -0.33311 0.0718903 0.940143 0.961176 -0.014385 -0.275559
1250 1349 0.9847 0.0213966 -0.172937 0.0621471 0.88405 0.463242 0.162797 -0.466903 0.869195 0.332375 0.160956 -0.929312
1250 1364 0.999708 -0.0219983 0.0100166 0.0165975 0.926002 0.377155 -0.0175721 -0.376878 0.926096 0.229493 0.204924 -0.951493
1250 1382 0.999879 0.00962699 -0.0122057 -0.0128307 0.954377 -0.298328 0.00877683 0.298448 0.954385 -0.435889 -0.701336 0.564028
1250 1442 0.981019 0.0603041 0.184296 0.0196133 0.914682 -0.403698 -0.192917 0.39965 0.896138 -0.82571 0.00725497 0.564048
1250 1494 0.797413 0.0284847 0.602761 0.0245622 0.996525 -0.079587 -0.602933 0.0782689 0.793943 -0.520702 0.0377086 0.852906
1250 1595 0.999724 0.00250223 -0.0233414 -0.0107406 0.932883 -0.360019 0.0208739 0.36017 0.932653 -0.319888 -0.521445 0.791054
1250 1688 0.773129 -0.000126112 0.63425 0.0185889 0.999575 -0.0224606 -0.633977 0.0291549 0.772802 0.777873 0.00403255 -0.628408
1250 1735 0.949025 0.0701051 0.307304 -0.0146982 0.983735 -0.179028 -0.314856 0.165385 0.934619 0.820419 0.0738618 -0.566972
1250 1741 0.995362 0.0651746 0.070757 -0.0522208 0.983788 -0.171564 -0.0807916 0.167073 0.982629 0.965628 -0.0208992 -0.259085
1250 1865 0.984185 -0.134078 -0.115773 0.0389912 0.801485 -0.596742 0.1728 0.58279 0.794038 -0.51524 -0.747131 0.419909
1250 1918 0.751804 0.0157134 0.659199 0.0427503 0.996451 -0.0725084 -0.657999 0.0826931 0.748465 0.780538 0.0273057 -0.624512
1250 1937 0.0166026 0.999716 0.0170862 -0.940385 0.0214186 -0.339435 -0.339705 -0.0104321 0.940474 -0.36348 -0.639986 0.676979
1250 1941 0.91899 0.336256 -0.205885 -0.392568 0.731748 -0.557167 -0.036695 0.592855 0.804472 -0.667071 -0.708006 0.231828
1250 2190 0.999105 -0.0299951 -0.0298111 0.0384553 0.937692 0.345333 0.0175953 -0.346171 0.938007 0.450694 0.389765 -0.803093
1250 2210 0.872418 0.0239255 0.488174 0.0314438 0.993985 -0.104909 -0.487747 0.106875 0.866418 0.782754 0.0336828 -0.621419
1250 2249 0.986715 0.0351801 0.158608 -0.0110836 0.988575 -0.150319 -0.162084 0.146564 0.975832 -0.761548 0.0592416 0.645396
1250 2251 0.690485 0.122272 0.712938 0.0508279 0.974972 -0.216439 -0.721559 0.185685 0.666989 0.782757 0.0385107 -0.621135
1250 2298 0.677076 0.0664819 -0.732904 0.0216451 0.993681 0.110133 0.735594 -0.0904325 0.671359 -0.945138 -0.0434549 0.323769
1250 2299 0.966197 0.0194522 0.257069 0.0577572 0.95547 -0.289381 -0.25125 0.294447 0.922049 0.793453 0.100333 -0.600305
1250 2333 0.807543 0.0643138 0.586292 0.0236729 0.989702 -0.141172 -0.589333 0.127882 0.797705 0.777817 0.044779 -0.626894
1250 2399 0.996874 -0.0594628 -0.0520183 0.0433664 0.962207 -0.268844 0.0660386 0.265747 0.961778 -0.71621 -0.0394789 0.696768
1250 2401 0.996601 -0.0822522 0.0046076 0.0820538 0.986105 -0.144444 0.0073373 0.144331 0.989502 -0.727693 -0.0579079 0.683454
1250 2402 0.974689 -0.0927799 -0.203403 0.0881838 0.995604 -0.0315642 0.205438 0.0128285 0.978586 -0.732166 -0.0675479 0.677769
1250 2447 0.933347 0.0753001 0.35099 0.0197202 0.965521 -0.259579 -0.358434 0.249198 0.899681 0.768469 0.0426144 -0.638467
1250 2448 0.911193 0.00657983 0.411926 0.0398622 0.993773 -0.10405 -0.410046 0.11123 0.905257 0.766443 0.0328025 -0.641474
1250 2449 0.697168 0.172812 0.695768 0.0384737 0.960095 -0.277015 -0.715875 0.219895 0.662698 0.79383 0.0341981 -0.607177
1250 2464 0.999514 0.00966338 -0.029622 -0.0145813 0.985232 -0.170602 0.0275361 0.170951 0.984895 -0.813056 0.0446324 0.580473
1250 2642 0.989633 0.0458863 0.13609 -0.0149932 0.975417 -0.219858 -0.142832 0.215539 0.965993 -0.745604 -0.00782077 0.666343
1250 2643 0.806808 0.117615 0.578988 0.0477517 0.963797 -0.262326 -0.58888 0.239294 0.771983 0.790095 0.0366826 -0.611886
1250 2713 0.709911 0.0506685 0.702467 0.0344698 0.993714 -0.106511 -0.703448 0.0998272 0.703702 0.785855 0.041594 -0.61701
1250 2855 0.277097 -0.0128993 0.960755 0.0351318 0.999377 0.00328521 -0.960199 0.0328428 0.277378 0.906893 -0.102628 -0.408671
1250 2856 0.801696 0.0724606 0.593325 0.0292684 0.986676 -0.160047 -0.597016 0.145674 0.788892 0.773462 0.0435773 -0.632343
1250 2972 0.993042 -0.0667492 -0.0970145 0.0488539 0.983115 -0.176347 0.107147 0.17038 0.979536 -0.759257 -0.00933713 0.650724
1250 2973 0.964351 -0.00374099 0.264601 0.0415171 0.989657 -0.137319 -0.261351 0.143409 0.954532 0.788223 0.033341 -0.614485
1250 2974 0.849892 0.0114915 0.52683 0.0384288 0.995749 -0.0837139 -0.525553 0.0913934 0.845838 0.777941 0.0325061 -0.627496
1250 2992 0.854114 -0.0104133 0.519981 0.0392092 0.998244 -0.0444134 -0.518605 0.0583221 0.853023 0.724279 0.0543982 -0.687358
1250 3003 0.712101 0.0599939 0.699509 0.0391813 0.991394 -0.124914 -0.700983 0.116359 0.703621 0.779677 0.0422566 -0.624755
1250 3014 0.968777 0.0665201 0.238844 -0.0361856 0.990956 -0.129217 -0.245279 0.11654 0.962423 -0.770815 0.0732445 0.632835
1250 3017 0.983439 -0.110646 -0.143545 0.0112918 0.827888 -0.56078 0.180887 0.549872 0.815427 -0.502805 -0.637883 0.583346
1250 3078 0.99922 -0.0046694 -0.0392208 0.0138115 0.971607 0.236198 0.0370043 -0.236556 0.970913 0.397092 0.468026 -0.789474
1250 3192 0.988052 0.0429044 0.148027 0.00311336 0.954718 -0.297498 -0.154088 0.294405 0.943177 -0.770939 0.027599 0.63631
1250 3196 0.847641 0.00311398 0.53056 0.0221303 0.998905 -0.041219 -0.530107 0.0466804 0.846644 0.784322 0.0379458 -0.619192
1250 3365 0.988544 -0.0778043 -0.129333 0.00946242 0.887157 -0.461371 0.150635 0.454862 0.87773 -0.53538 -0.720026 0.44151
2962 2972 0.994943 -0.056147 0.0832798 0.0211193 0.92757 0.373052 -0.0981936 -0.369407 0.924065 0.350026 0.230267 -0.907997
2962 2974 0.710042 -0.0165645 0.703965 -0.324561 0.879498 0.348057 -0.624901 -0.475614 0.619104 0.463119 0.0513777 -0.884806
2962 2977 0.601972 -0.0803321 0.794466 -0.372769 0.851592 0.368558 -0.706168 -0.518014 0.482689 0.387118 0.287446 -0.876079
2962 2996 0.822559 -0.300053 -0.483079 0.316222 0.947367 -0.0499897 0.472652 -0.111641 0.874149 0.99637 -0.0493337 0.0693704
2962 3003 0.586674 0.0693908 0.806845 -0.401566 0.890131 0.215433 -0.703249 -0.45039 0.550082 0.436941 0.0202376 -0.899263
2962 3005 0.995466 0.0312969 0.0898264 -0.0475643 0.981564 0.185122 -0.0823766 -0.188555 0.978602 0.38428 0.519196 0.76339
2962 3014 0.911093 0.0645211 0.407122 -0.229851 0.899389 0.371844 -0.342169 -0.432361 0.834257 0.3241 0.276136 -0.904825
2962 3016 0.689885 -0.216668 0.690734 -0.347503 0.737921 0.578545 -0.63506 -0.639162 0.433787 0.349896 0.329219 -0.877034
2962 3021 0.979982 0.121876 0.157425 -0.105229 0.988335 -0.110092 -0.169006 0.0913224 0.981375 -0.253868 -0.292639 0.921908
2962 3078 0.99076 0.0637753 0.1197 -0.0960023 0.953178 0.286768 -0.0958061 -0.29561 0.950493 -0.825995 0.0326676 0.56273
2962 3192 0.943666 0.0643709 0.324578 -0.150905 0.956673 0.249007 -0.294486 -0.28396 0.912494 0.337579 0.247729 -0.908114
2962 3196 0.71883 -0.032597 0.694421 -0.33695 0.857387 0.389041 -0.608068 -0.513639 0.605332 0.476908 0.0510739 -0.877468
2962 3199 0.9833 0.0690942 0.168367 -0.0990522 0.979284 0.176609 -0.152676 -0.190336 0.969774 -0.109223 -0.480325 -0.870263
2962 3285 0.887495 -0.0739935 0.454838 -0.0152567 0.981765 0.189484 -0.460565 -0.175105 0.870183 0.909543 0.385542 -0.155205
2962 3328 0.968595 -0.086198 -0.233223 0.0578732 0.99038 -0.125687 0.241813 0.108243 0.964267 -0.896541 0.339869 0.284084
2962 3335 0.771278 0.415509 0.482164 -0.332433 0.908964 -0.251542 -0.542787 0.0337214 0.839193 0.0720842 0.432642 0.89868
2962 3345 0.999252 0.00923063 0.0375656 -0.0140785 0.991294 0.13091 -0.0360302 -0.13134 0.990682 -0.42138 -0.430184 -0.798362
2962 3346 0.994423 0.0741067 -0.0750442 -0.10104 0.873399 -0.476408 0.0302385 0.481333 0.876016 -0.821021 0.04805 -0.568873
2962 3355 0.812676 -0.00233352 0.582711 -0.250744 0.901277 0.353309 -0.526009 -0.433237 0.731861 0.644215 0.41147 0.644732
2962 3356 0.988659 -0.0776206 0.128566 0.0506256 0.978223 0.201288 -0.141391 -0.192496 0.971058 0.638251 0.410372 0.65133
2962 3366 -0.127651 0.964828 0.229807 -0.990437 -0.111777 -0.0808722 -0.0523407 -0.237933 0.96987 -0.14533 -0.494311 -0.857051
325 330 0.943138 0.151078 0.296084 0.0134141 0.872719 -0.488038 -0.33213 0.464259 0.821068 -0.309992 -0.0474111 0.949556
325 342 0.741219 -0.0369295 0.670246 -0.0957862 0.982449 0.160061 -0.664393 -0.18284 0.724673 0.682265 -0.00831489 -0.731058
325 346 0.662311 -0.0999116 -0.742538 -0.0256264 0.987468 -0.155725 0.748791 0.122167 0.651449 -0.998698 -0.00384226 -0.0508694
325 355 0.829357 0.08519 -0.552187 0.245366 0.832372 0.496943 0.50196 -0.54763 0.669431 0.538711 -0.267307 -0.79896
325 437 0.912564 0.244768 0.327588 -0.0212788 0.828419 -0.559704 -0.408378 0.503795 0.761195 0.630462 -0.046834 0.774806
325 523 0.56054 -0.194165 -0.805043 -0.0647275 0.958879 -0.276337 0.825594 0.207006 0.524922 -0.992131 0.012947 0.12453
325 690 0.843618 0.23389 0.483325 0.000471611 0.89982 -0.436262 -0.536943 0.368266 0.758994 0.183844 -0.024543 0.982649
325 691 0.797457 0.145539 0.58556 0.0111219 0.966764 -0.255432 -0.603273 0.210208 0.769334 0.186225 -0.0193102 0.982317
325 749 0.872614 -0.109991 -0.475865 -0.0958149 0.916828 -0.387615 0.478921 0.383833 0.789498 -0.649125 0.0127999 -0.760574
325 805 0.90945 0.415807 0.00243157 -0.315574 0.694004 -0.647125 -0.270767 0.587761 0.76238 -0.0881909 0.0474192 -0.994974
325 806 0.854697 -0.343621 -0.389124 0.0664212 0.815798 -0.57451 0.51486 0.465186 0.720085 0.393518 0.465966 -0.792477
325 1037 0.940084 0.101173 0.325587 -0.00721931 0.96065 -0.277669 -0.340867 0.258681 0.903822 -0.148182 -0.0074699 0.988932
325 1066 0.983119 0.0971903 0.155019 0.0579589 0.638195 -0.767689 -0.173544 0.763715 0.621789 -0.968205 0.000850314 -0.250158
325 1316 0.991328 0.00220645 0.131393 0.0446602 0.93469 -0.352646 -0.12359 0.355456 0.926486 -0.350208 -0.038108 0.935896
325 1365 0.928441 -0.122306 -0.350768 -0.0798559 0.856459 -0.51 0.362794 0.501516 0.785405 -0.270908 -0.0680056 0.9602
325 1394 0.858715 -0.179489 -0.479991 -0.102922 0.857163 -0.504658 0.502011 0.482759 0.717585 -0.782193 0.0174563 -0.622791
325 1405 0.643228 -0.119045 -0.756364 -0.0284405 0.983443 -0.178972 0.765146 0.136631 0.629193 -0.954759 -0.0621209 0.290819
325 1406 0.853967 -0.263649 -0.448586 -0.0911798 0.772958 -0.627871 0.512276 0.577083 0.636041 -0.982373 -0.0262096 0.185086
325 1409 0.96027 0.0534473 0.273908 0.0673996 0.908019 -0.413471 -0.270812 0.415505 0.868341 -0.123722 -0.021204 0.99209
325 1410 0.820587 -0.157769 -0.549316 -0.029577 0.948132 -0.316498 0.570757 0.275961 0.773357 -0.129109 -0.0395174 0.990843
325 1438 0.984562 -0.0145886 0.17443 0.0913573 0.892851 -0.440988 -0.149307 0.450115 0.8804 -0.157502 -0.031222 0.987025
325 1517 0.964799 0.191264 0.180503 -0.0366935 0.777539 -0.627763 -0.260417 0.599042 0.757187 0.461608 -0.144187 0.875288
325 1580 0.932994 0.231156 0.275842 -0.0291242 0.81244 -0.582317 -0.358711 0.535264 0.764734 0.0710726 -0.0891499 0.993479
325 1698 0.944756 0.206445 0.254593 -0.00221171 0.780726 -0.624869 -0.327768 0.589785 0.738052 0.621804 -0.0349199 0.782394
325 1734 0.954281 0.202669 0.21971 -0.0288544 0.794065 -0.607148 -0.297514 0.57305 0.763609 0.49063 -0.116156 0.863591
325 1744 0.935202 0.0369051 -0.352187 0.218637 0.722176 0.656247 0.27856 -0.690725 0.667311 -0.426228 -0.672647 -0.604877
325 1786 0.540416 -0.255037 -0.801815 -0.0573848 0.939565 -0.337528 0.839439 0.228418 0.493121 -0.610636 0.0238702 -0.791552
325 1801 0.952152 0.207866 0.224053 -0.0158705 0.765732 -0.642964 -0.305214 0.608644 0.732391 0.698633 -0.370934 -0.611817
325 1805 0.973202 0.109813 0.202039 -0.013722 0.904776 -0.425667 -0.229544 0.411487 0.882036 0.0666929 0.335114 0.939814
325 1835 0.955992 0.0988666 0.27623 0.0118153 0.927774 -0.372954 -0.293152 0.359805 0.885778 -0.0268097 -0.0217205 0.999405
325 1862 0.649914 -0.179729 -0.73845 -0.0708568 0.953075 -0.294326 0.756696 0.243611 0.606683 -0.577672 0.10745 -0.809166
325 1999 -0.0225616 0.988461 0.149784 -0.916471 0.039415 -0.398155 -0.399465 -0.146255 0.905007 -0.158832 -0.0520222 0.985934
325 2287 0.941682 0.130013 0.310373 -0.0289565 0.950233 -0.310191 -0.335255 0.283114 0.898583 -0.0270788 -0.0236099 0.999354
325 2288 0.971676 0.0968175 0.215572 0.00783212 0.898527 -0.438848 -0.236186 0.428107 0.872319 -0.0230191 -0.0394693 0.998956
325 2341 0.817789 -0.142388 -0.557627 -0.0620146 0.941468 -0.331348 0.572168 0.305554 0.761092 -0.443365 0.00324296 -0.896335
325 2345 0.785717 -0.141805 -0.602113 -0.0800844 0.941859 -0.326324 0.61338 0.304618 0.728678 -0.385436 0.0380383 -0.92195
325 2491 0.854632 0.199562 0.479353 0.058993 0.879895 -0.471491 -0.515872 0.43123 0.740214 -0.0602087 0.0108498 0.998127
325 2507 0.95632 0.149554 0.251168 0.0185962 0.826355 -0.562843 -0.291729 0.542929 0.787479 0.304228 -0.013846 0.952499
325 2508 0.879465 0.0976052 0.465849 0.0398558 0.960209 -0.276426 -0.474293 0.261674 0.840579 0.273624 -0.0584385 0.96006
325 2572 0.858831 0.105572 0.501262 0.100396 0.924867 -0.366801 -0.502324 0.365344 0.783705 0.626542 -0.0166267 0.77921
325 2732 0.957493 -0.0976557 -0.271424 0.0503788 0.983102 -0.175991 0.284024 0.154836 0.946233 0.758859 0.177663 -0.626553
325 2783 0.98723 0.0300662 -0.156437 -0.0398837 0.997401 -0.0599999 0.154226 0.065473 0.985864 0.272077 0.0630873 -0.960205
325 2813 0.937489 0.1096 0.330305 0.048148 0.89914 -0.435005 -0.344667 0.423715 0.837657 0.417386 -0.0580194 0.906875
325 2920 0.840203 -0.0502334 0.53994 -0.0229464 0.991515 0.127953 -0.541786 -0.119896 0.831921 0.0653281 -0.0765745 -0.994921
325 3079 0.922091 0.230782 0.310624 -0.0339304 0.847829 -0.529183 -0.385482 0.477416 0.789606 0.536452 -0.0347441 0.843215
325 3119 0.810396 0.246686 0.531418 -0.00418659 0.909453 -0.415786 -0.585868 0.334727 0.738049 0.792136 -0.0488284 0.608389
325 3285 0.966945 0.175974 0.184525 -0.0445066 0.829046 -0.557406 -0.251069 0.530769 0.809475 0.328821 -0.0985548 0.939236
325 3346 0.992956 0.0170195 0.117255 -0.0143672 0.999622 -0.023428 -0.11761 0.0215783 0.992825 -0.23958 -0.0325398 0.970331
325 3356 0.904877 0.0519846 0.422488 0.11273 0.927813 -0.355605 -0.410476 0.369406 0.833696 0.166318 -0.0426898 0.985148
325 3357 0.973922 0.0313238 0.224712 0.0677928 0.905001 -0.419975 -0.216519 0.424256 0.879276 0.175605 -0.0451397 0.983425
1737 1741 0.881384 -0.00909651 -0.472313 -0.159358 0.935484 -0.315396 0.44471 0.353252 0.823071 -0.556295 -0.824918 -0.10023
1737 1865 0.741102 -0.397483 -0.541089 -0.087832 0.741595 -0.665073 0.665623 0.540411 0.514686 -0.639828 -0.765931 -0.0630137
1737 1879 0.81904 -0.186723 -0.542503 -0.148195 0.844621 -0.514444 0.554268 0.501746 0.664107 -0.657151 -0.741691 -0.134336
1737 1901 0.987964 -0.0520847 0.145653 0.0644952 0.994558 -0.0818223 -0.140599 0.0902314 0.985946 0.996788 0.00899455 -0.0795844
1737 1918 0.989295 -0.00421973 0.14587 0.0417776 0.965934 -0.255394 -0.139823 0.258754 0.95577 -0.282264 -0.936408 -0.20849
1737 1920 0.999152 -0.0147702 0.0384464 0.0112886 0.995945 0.08925 -0.0396088 -0.0887402 0.995267 -0.849519 0.0842683 0.520784
1737 1937 0.200943 0.789591 -0.5798 -0.839052 -0.166743 -0.51787 -0.505583 0.590544 0.629002 -0.661245 -0.749341 -0.0352559
1737 1941 0.898081 0.215763 -0.383271 -0.388653 0.79726 -0.461873 0.205911 0.563758 0.799861 -0.606599 -0.78626 0.117612
1737 1998 0.162841 0.81808 -0.551568 -0.877901 -0.135002 -0.459418 -0.450304 0.559034 0.696209 -0.683216 -0.718196 0.13195
1737 2005 0.800646 -0.292613 -0.522823 -0.177959 0.7171 -0.673868 0.572099 0.632571 0.52207 -0.580182 -0.788182 -0.205324
1737 2014 0.873654 -0.241786 -0.422218 -0.117367 0.737427 -0.665151 0.472179 0.630667 0.615879 -0.664456 -0.745009 -0.0588252
1737 2015 0.744761 -0.405807 -0.529766 -0.12109 0.6985 -0.705291 0.656253 0.589423 0.471076 -0.553896 -0.815252 0.16901
1737 2021 0.998417 -0.00270632 0.0561784 0.0125497 0.984379 -0.175615 -0.0548256 0.176043 0.982855 -0.981182 -0.0369075 0.189524
1737 2036 0.837301 -0.200795 -0.508534 -0.0709581 0.882343 -0.465226 0.542117 0.425619 0.72454 -0.659956 -0.750864 -0.0257189
1737 2129 0.774921 -0.244665 0.582783 -0.269795 0.705781 0.655045 -0.571584 -0.66484 0.480915 0.473536 0.570511 -0.67103
1737 2145 0.98169 -0.0327802 0.187643 0.0356464 0.999293 -0.0119192 -0.187121 0.0183898 0.982165 0.997169 0.0199364 0.0725012
1737 2190 0.824479 -0.156384 -0.543855 -0.175828 0.842697 -0.508869 0.537884 0.515176 0.667289 -0.669295 -0.742535 -0.026191
1737 2210 0.99546 -0.0212623 -0.0927717 -0.00959484 0.947343 -0.320076 0.0946922 0.319513 0.942839 -0.373899 -0.893316 -0.249371
1737 2215 0.99964 0.0264401 0.00462021 -0.0257953 0.993935 -0.106897 -0.00741856 0.106739 0.994259 0.996035 0.018487 -0.0870193
1737 2238 0.988833 -0.0326845 0.145402 0.0261356 0.998566 0.0467252 -0.146721 -0.0424034 0.988269 0.995793 0.0216544 -0.0890375
1737 2249 0.921155 -0.0243506 -0.388433 -0.104361 0.946037 -0.306795 0.374943 0.323143 0.868905 -0.657019 -0.749304 -0.0828797
1737 2250 0.945661 -0.00858829 -0.32504 -0.0380131 0.989876 -0.136748 0.322924 0.141673 0.935761 -0.999607 -0.017676 0.0217497
1737 2251 0.959484 0.0313241 0.280015 0.0727791 0.932524 -0.353698 -0.272201 0.359746 0.892463 -0.256261 -0.945768 -0.19963
1737 2256 0.893374 0.0288135 -0.448389 -0.0960422 0.987123 -0.127923 0.438929 0.157347 0.884637 -0.443266 -0.889327 -0.112308
1737 2263 0.777822 -0.237883 -0.581725 -0.0650247 0.890173 -0.450959 0.625112 0.388592 0.676928 -0.563625 -0.81233 0.149823
1737 2287 0.724993 -0.166309 -0.668376 -0.214509 0.867626 -0.448566 0.6545 0.46858 0.593348 -0.631507 -0.722636 0.281063
1737 2299 0.94736 -0.116419 -0.298254 -0.0307918 0.894102 -0.446804 0.318686 0.432468 0.843452 -0.529867 -0.841312 -0.10693
1737 2314 0.989331 -0.0171858 0.144667 0.00520079 0.996551 0.0828188 -0.145592 -0.0811828 0.986008 0.99584 0.0335655 -0.0847089
1737 2333 0.99517 0.00536872 0.0980157 0.0278489 0.942036 -0.334354 -0.0941294 0.335469 0.937337 -0.358254 -0.894611 -0.267069
1737 2386 0.910995 -0.264498 -0.316432 -0.082862 0.634228 -0.768693 0.404007 0.726495 0.555862 -0.5147 -0.770846 -0.375341
1737 2388 0.841031 -0.362141 -0.401897 -0.0664436 0.668125 -0.741077 0.536891 0.649972 0.537852 -0.560451 -0.804356 -0.197244
1737 2399 0.816959 -0.154174 -0.555705 -0.0919463 0.916454 -0.389433 0.569318 0.369246 0.734529 -0.614283 -0.785677 -0.0732704
1737 2401 0.84282 -0.116129 -0.525518 -0.047131 0.956766 -0.287015 0.536128 0.26667 0.800908 -0.611522 -0.78536 -0.0961799
1737 2447 0.972517 -0.0500823 -0.227384 -0.0517641 0.905644 -0.420867 0.227007 0.42107 0.878162 -0.468166 -0.872275 -0.14127
1737 2448 0.982133 -0.0350288 -0.184901 -0.0232437 0.952422 -0.303895 0.186749 0.302763 0.934591 -0.358171 -0.915548 -0.18299
1737 2449 0.942923 0.051841 0.328951 0.072919 0.931694 -0.35585 -0.324929 0.359526 0.874736 -0.298899 -0.933865 -0.196357
1737 2450 0.996413 -0.0265427 0.0803539 0.0235948 0.999021 0.0374165 -0.0812684 -0.0353863 0.996064 -0.99708 -0.0460696 0.0608998
1737 2464 0.852168 -0.0398197 -0.521751 -0.116218 0.957794 -0.262915 0.5102 0.284685 0.811573 -0.656555 -0.748118 -0.0961991
1737 2483 0.794467 -0.302821 -0.526423 -0.153346 0.7387 -0.656359 0.587628 0.602181 0.540436 -0.641269 -0.73576 -0.217787
1737 2489 0.761254 -0.174639 -0.624494 -0.178817 0.869175 -0.461041 0.623311 0.46264 0.630435 -0.614814 -0.783685 -0.0885556
1737 2491 0.792735 -0.0537353 -0.607194 -0.269879 0.862221 -0.42865 0.546569 0.503675 0.66901 -0.505466 -0.842309 0.187135
1737 2492 0.842519 -0.172351 -0.510351 -0.147854 0.837051 -0.526769 0.517978 0.51927 0.679749 -0.640104 -0.746112 -0.18326
1737 2505 0.916233 -0.0599158 -0.39614 -0.111054 0.91203 -0.394801 0.384946 0.405723 0.828978 -0.652401 -0.74195 0.154542
1737 2507 0.780606 -0.0747425 0.620538 -0.339851 0.782473 0.521763 -0.524552 -0.618182 0.585402 0.0214309 0.16167 -0.986612
1737 2508 0.869847 -0.0967873 0.483734 -0.111399 0.9167 0.383733 -0.480579 -0.387677 0.786607 0.177474 0.511514 -0.840748
1737 2567 0.789487 -0.144272 -0.596571 -0.237358 0.824591 -0.513528 0.566014 0.547025 0.616759 -0.56493 -0.77689 0.278022
1737 2607 0.999768 0.00678769 0.0204389 -0.00277081 0.981687 -0.190481 -0.0213575 0.19038 0.981478 -0.157747 0.297304 0.941661
1737 2642 0.911153 -0.0500262 -0.409021 -0.119059 0.918309 -0.377536 0.394495 0.39269 0.830764 -0.629028 -0.762701 -0.150369
1737 2643 0.994064 -0.00563977 0.108647 0.0463846 0.925311 -0.376363 -0.0984099 0.379167 0.920081 -0.264987 -0.939969 -0.215037
1737 2644 0.984897 -0.0194429 0.172048 0.00587434 0.996855 0.079025 -0.173044 -0.0768208 0.981914 0.997031 0.00705736 -0.0766822
1737 2713 0.967577 0.0159462 0.252069 0.0562417 0.959345 -0.276575 -0.246232 0.281785 0.927344 -0.266248 -0.95185 -0.151967
1737 2715 0.999038 0.011863 -0.042225 -0.0174744 0.990676 -0.135114 0.0402284 0.135721 0.98993 0.997327 0.0117836 -0.0721066
1737 2726 0.727482 -0.317916 -0.608029 -0.290926 0.659646 -0.692986 0.621396 0.681026 0.38739 -0.609002 -0.727177 -0.316749
1737 2742 0.873706 -0.122636 -0.470743 -0.113489 0.88961 -0.442396 0.473031 0.439948 0.76334 -0.650965 -0.758309 0.0348261
1737 2766 0.661431 -0.324465 -0.676188 -0.403269 0.606303 -0.685398 0.632362 0.72603 0.270181 -0.666729 -0.745112 -0.0167711
1737 2809 0.716245 -0.378436 -0.586328 -0.197061 0.696317 -0.690152 0.669448 0.60986 0.424158 -0.601502 -0.736815 -0.308705
1737 2856 0.998257 0.00207702 0.0589812 0.018593 0.937422 -0.347699 -0.0560124 0.34819 0.935749 -0.378871 -0.892246 -0.245669
1737 2857 0.993585 -0.0206101 0.111195 0.0293955 0.996523 -0.0779575 -0.109201 0.080726 0.990736 0.99893 0.0087898 0.0453991
1737 2892 0.787485 -0.285587 -0.546175 -0.19469 0.72553 -0.660077 0.584776 0.626136 0.515743 -0.583731 -0.722873 -0.369747
1737 2947 0.977503 -0.014922 0.210391 0.0366036 0.99436 -0.0995402 -0.207719 0.105002 0.972537 0.957308 0.0467179 -0.28527
1737 2948 0.990486 -0.0328568 0.133633 0.0465205 0.993854 -0.100448 -0.129511 0.105709 0.985927 0.99966 0.0208796 0.0155979
1737 2950 0.9993 -0.0191868 -0.0321144 0.0178042 0.998925 -0.0427981 0.0329011 0.0421964 0.998567 0.992546 0.0290981 -0.118346
1737 2954 0.999136 -0.00379896 0.0413959 0.0075554 0.995825 -0.0909697 -0.0408775 0.0912037 0.994993 -0.98097 -0.0237716 0.192698
1737 2955 0.999414 -0.00400594 0.0340039 0.00706406 0.99589 -0.0902963 -0.0335025 0.0904836 0.995334 -0.982405 -0.0214641 0.185526
1737 2959 0.886018 -0.229842 -0.402673 -0.0877202 0.769699 -0.632352 0.455278 0.595598 0.661805 -0.646553 -0.749306 -0.143212
1737 2962 0.72533 -0.329028 -0.604679 -0.16809 0.767144 -0.61906 0.667564 0.550664 0.501127 -0.678548 -0.734496 0.00937639
1737 2972 0.819435 -0.102123 -0.564002 -0.0466049 0.96887 -0.243144 0.571275 0.225526 0.789166 -0.626463 -0.77922 0.01899
1737 2974 0.99948 -0.019554 -0.0256299 0.0112923 0.957024 -0.289787 0.030195 0.289346 0.956748 -0.378664 -0.894882 -0.236218
1737 2977 0.980084 -0.0255165 0.196939 0.0508615 0.990886 -0.124733 -0.191961 0.132265 0.972449 0.97043 0.0214887 -0.240423
1737 2988 0.999646 -0.018265 -0.019346 0.0157614 0.992347 -0.122468 0.0214348 0.12212 0.992284 -0.999628 -0.0267287 0.00544086
1737 2992 0.999999 0.000789621 -0.00130201 -0.00107356 0.971976 -0.235077 0.00107989 0.235078 0.971976 -0.385539 -0.891007 -0.23972
1737 3003 0.972199 0.0169067 0.233546 0.0488778 0.960766 -0.273018 -0.228999 0.276843 0.93323 -0.310561 -0.925667 -0.216084
1737 3014 0.94601 0.012118 -0.323909 -0.115816 0.945971 -0.302862 0.302739 0.324025 0.896302 -0.657563 -0.748755 -0.08353
1737 3017 0.73752 -0.359945 -0.571404 -0.120148 0.762683 -0.635515 0.664551 0.537358 0.519248 -0.678318 -0.734635 -0.0139929
1737 3021 0.898898 0.202925 -0.388336 -0.212945 0.976906 0.0175702 0.382933 0.0669002 0.92135 -0.142292 -0.16562 -0.97587
1737 3078 0.835413 -0.109754 -0.538553 -0.151835 0.895643 -0.418056 0.528234 0.43102 0.731567 -0.648854 -0.760679 0.0189003
1737 3192 0.92124 -0.087978 -0.378915 -0.0892296 0.900321 -0.425981 0.378622 0.426241 0.821562 -0.632131 -0.764613 -0.12561
1737 3193 0.975921 0.0078261 0.217984 0.01876 0.992642 -0.119627 -0.217316 0.120836 0.968593 0.999427 0.0337015 -0.00316183
1737 3195 0.995262 -0.023356 0.0943866 0.0351046 0.991561 -0.124799 -0.0906754 0.127521 0.987682 0.942259 -0.013902 0.334596
1737 3196 0.999932 -0.00564359 0.0101811 0.00777965 0.974595 -0.223838 -0.00865917 0.223902 0.974573 -0.314502 -0.927852 -0.200448
1737 3199 0.814953 -0.180734 -0.550623 -0.168979 0.834733 -0.524087 0.554344 0.52015 0.649728 -0.641542 -0.759385 -0.108441
1737 3345 0.719931 -0.264691 -0.64159 -0.180707 0.821049 -0.541501 0.670108 0.505782 0.543268 -0.66696 -0.728291 -0.157342
1737 3355 0.981065 -0.0523426 -0.186472 -0.0179984 0.933984 -0.356861 0.192841 0.35346 0.915357 -0.620813 -0.737342 0.266306
1737 3356 0.829856 -0.250431 -0.498621 -0.0243534 0.876515 -0.480758 0.557446 0.411103 0.721283 -0.551907 -0.742389 0.379812
1737 3365 0.920409 -0.14649 -0.362476 0.0960105 0.983449 -0.153656 0.378986 0.106624 0.91924 -0.678122 -0.587306 0.44184
1737 3366 0.293477 0.849958 -0.437542 -0.703522 -0.11786 -0.700832 -0.647247 0.513498 0.563375 -0.665844 -0.739531 -0.0987172
2996 3005 0.700561 0.235685 0.673548 -0.320345 0.947299 0.00171826 -0.637646 -0.216972 0.739142 0.71868 0.333046 0.610393
2996 3017 0.779824 0.304055 0.547199 -0.266163 0.952218 -0.149792 -0.566597 -0.0288331 0.823491 -0.808538 0.331461 0.48621
2996 3022 0.997286 -0.0634334 0.0373616 0.0368942 0.869819 0.491989 -0.0637064 -0.489276 0.869799 -0.881772 0.121161 0.455849
2996 3023 0.954975 -0.144943 -0.258871 0.153107 0.988142 0.0115416 0.254129 -0.0506568 0.965843 -0.546825 0.39659 0.737359
2996 3037 0.9548 -0.108009 -0.276932 0.171314 0.961309 0.215724 0.242917 -0.253415 0.936361 -0.556143 0.403069 0.726801
2996 3052 0.828093 -0.152654 -0.539407 0.24961 0.961968 0.110958 0.501954 -0.226525 0.834703 -0.634229 0.340192 0.694279
2996 3078 0.665302 0.18251 0.723922 -0.344949 0.935096 0.0812669 -0.662105 -0.303783 0.685078 -0.917994 0.0234903 -0.395897
2996 3079 0.709395 0.342275 0.616123 -0.344263 0.931062 -0.120853 -0.615014 -0.126375 0.778323 0.99859 0.016122 -0.0505853
2996 3119 0.52128 0.295113 0.800734 -0.378691 0.920854 -0.0928549 -0.764762 -0.254827 0.591779 0.990845 -0.0379108 -0.129575
2996 3182 0.865687 -0.291265 -0.407125 0.169296 0.935723 -0.309453 0.471089 0.198965 0.859353 -0.979998 -0.0859573 -0.179486
2996 3199 0.65656 0.267377 0.705293 -0.349631 0.936422 -0.0295254 -0.668346 -0.227207 0.708301 -0.896188 -0.203159 -0.394429
2996 3200 0.93043 -0.105245 -0.351032 0.147635 0.984353 0.0961887 0.335416 -0.141321 0.93141 -0.587089 0.332743 0.737976
2996 3285 0.800065 0.302835 0.517867 -0.268326 0.952718 -0.142581 -0.53656 -0.0248827 0.843495 0.981794 0.0729635 0.175377
2996 3286 0.59384 0.401124 0.697462 -0.374598 0.905016 -0.201549 -0.712061 -0.14158 0.687695 0.987418 0.0874008 0.13178
2996 3344 0.917371 -0.203408 -0.342134 0.142496 0.970424 -0.194866 0.371652 0.130012 0.919223 -0.983456 -0.01258 -0.18071
2996 3345 0.768513 0.266663 0.581617 -0.292517 0.954884 -0.0512868 -0.569053 -0.130718 0.811844 -0.984909 -0.0727297 -0.157048
2996 3346 0.884894 -0.0141083 0.465579 -0.2013 0.889797 0.40956 -0.420049 -0.456138 0.784536 0.946585 0.161663 0.279002
2996 3353 0.942953 -0.155095 -0.294592 0.178549 0.982432 0.0542864 0.280997 -0.103789 0.95408 -0.580023 0.355015 0.73317
2996 3354 0.640455 -0.247338 -0.727077 0.343074 0.939149 -0.0172794 0.687108 -0.238375 0.686338 -0.887492 0.164504 0.430461
2996 3355 0.26112 0.0587438 0.963517 -0.37836 0.924506 0.0461727 -0.888065 -0.376613 0.263634 0.962831 0.11926 0.242352
2996 3356 0.67957 0.140008 0.720127 -0.20415 0.978937 0.0023253 -0.704634 -0.148594 0.693838 0.957926 0.123268 0.259196
2996 3357 0.822352 0.139793 0.551539 -0.165061 0.986276 -0.00387411 -0.544511 -0.0878516 0.83414 0.958487 0.13101 0.253258
3003 3005 0.703642 -0.235008 -0.670566 0.0692011 0.961901 -0.264495 0.707177 0.139706 0.693097 -0.846667 -0.375966 0.376571
3003 3014 0.87055 0.00205711 -0.492075 -0.00511136 0.999975 -0.00486234 0.492053 0.0067481 0.870539 -0.996042 0.00941518 -0.0883809
3003 3016 0.982305 0.0501568 -0.180445 0.0140015 0.941109 0.337814 0.186762 -0.334363 0.923754 0.288388 0.957433 0.0123904
3003 3017 0.574661 -0.427996 -0.697556 0.0948349 0.881433 -0.462689 0.812878 0.199737 0.547115 -0.88187 -0.456157 0.119277
3003 3021 0.763159 -0.365432 -0.532961 0.0648027 0.863869 -0.499531 0.642953 0.346684 0.68295 -0.86128 -0.467734 0.198549
3003 3036 0.519867 0.648018 0.556606 -0.705042 0.693388 -0.148759 -0.482342 -0.315096 0.81735 -0.888513 0.0848884 -0.450931
3003 3078 0.721944 -0.135708 -0.678514 0.0433838 0.987527 -0.151353 0.690591 0.079832 0.718826 -0.874124 -0.46508 0.14003
3003 3192 0.802311 -0.137645 -0.580818 0.0485671 0.984877 -0.166312 0.594926 0.105225 0.796863 -0.995921 -0.00513828 -0.090079
3003 3193 0.948657 -0.123412 0.291239 -0.017643 0.898666 0.438278 -0.315815 -0.420914 0.850349 0.231154 0.314031 0.920843
3003 3196 0.976182 0.00955277 -0.216742 0.010188 0.99591 0.08978 0.216713 -0.0898499 0.972092 -0.998951 -0.0456615 0.00349927
3003 3199 0.722189 -0.206481 -0.660158 0.0408727 0.965477 -0.257263 0.690487 0.15881 0.705696 -0.849561 -0.524391 0.0570996
3003 3285 0.577334 0.0373651 0.815653 -0.423409 0.867846 0.25994 -0.698148 -0.495427 0.516857 -0.144555 -0.125926 -0.981451
3003 3345 0.612863 -0.297841 -0.731908 0.0623439 0.941583 -0.330961 0.787726 0.157204 0.59563 -0.862049 -0.505838 -0.0316106
3003 3355 0.919735 -0.0550392 -0.388663 0.0548599 0.998427 -0.011568 0.388688 -0.0106825 0.921307 -0.820046 -0.302049 0.486098
3003 3356 0.646989 -0.295646 -0.70285 0.162556 0.954061 -0.251679 0.74497 0.0485811 0.665326 -0.779844 -0.279936 0.559893
3003 3365 0.636407 -0.307216 -0.707535 0.110363 0.944092 -0.310662 0.763418 0.119622 0.634731 -0.85563 -0.507893 0.099708
3003 3366 0.351316 0.757923 -0.549664 -0.875261 0.0574299 -0.48023 -0.33241 0.649812 0.683556 -0.859197 -0.511227 0.0206696
2727 2810 0.992338 -0.0790975 0.0949183 0.0800072 0.996777 -0.00581157 -0.0941527 0.0133612 0.995468 0.95698 -0.118861 -0.264691
1835 1862 0.406111 -0.219657 -0.887031 0.27679 0.954651 -0.109679 0.870896 -0.20098 0.448493 0.220272 -0.341468 -0.913718
1835 1863 0.952395 0.249205 0.175613 -0.140685 0.87029 -0.472021 -0.270464 0.424845 0.863919 0.0167198 -0.364598 -0.931015
1835 1864 0.560503 -0.33352 -0.758024 0.332963 0.928837 -0.162474 0.758269 -0.161327 0.631666 -0.788295 -0.0274638 -0.614684
1835 1865 0.99673 -0.00804978 0.0804048 0.0247376 0.97765 -0.208779 -0.0769271 0.210085 0.974652 -0.502769 -0.299337 -0.810938
1835 1873 0.801834 -0.212092 -0.558641 0.217784 0.974313 -0.0573128 0.556447 -0.075708 0.827427 -0.682117 -0.265665 -0.681277
